8022
5122
4473
7205
4085
9928
6711
2792
796
825
1202
4517
3404
7171
2023
996
4373
4963
3569
6808
2097
4523
2415
9469
4395
6783
9524
5344
9149
7917
6600
1243
8503
7334
4444
8459
4795
2029
1371
1232
468
635
3212
1409
4007
3933
6611
426
1426
5099
8791
5059
8786
4773
14
270
3217
5356
8517
4268
5147
4746
9820
4476
9985
655
6766
4145
5575
6681
9134
5839
9400
8031
7357
4978
1593
7626
4088
75
1819
2096
877
8809
2346
479
894
5631
8258
6051
9631
951
4418
7284
7114
1779
7736
4383
9138
6107
5580
2830
9124
184
9401
9879
9353
2140
4806
4398
2200
4012
7970
6728
7128
1468
7950
7453
563
3141
5204
7752
9943
9381
3061
4511
7510
211
7457
3322
5197
3869
3375
4482
2721
7952
4797
3623
8229
3555
7137
6733
8184
7361
5885
3124
6860
4001
5345
7123
4769
2931
7995
6065
3520
2234
297
3983
9540
9344
415
2245
5378
2154
6964
1912
1785
3322
3495
7204
1220
4859
4671
9548
5357
3516
1216
7563
1932
1356
2361
6518
9773
2334
3273
4496
7295
8841
7410
8105
376
7615
3319
1940
5142
7288
6223
6756
5360
1642
4859
8914
5947
7575
2756
3101
121
9620
2045
8239
8940
5041
7256
7624
9305
1481
2420
2842
3111
5384
4772
2592
7110
2308
5691
8795
6716
1337
4276
9274
6938
4533
4878
3349
9806
5997
2355
2406
274
5754
1722
5589
7857
7060
4451
2543
6522
6265
1792
6354
9917
5737
7571
6120
1186
8897
97
2445
4553
5827
1270
5966
8443
4334
8003
4592
1104
6447
3442
4394
9258
6052
6522
5361
6927
2569
3693
8958
3716
7777
2431
4685
2132
9138
8674
7573
3344
8493
1756
1423
6064
4264
6970
6533
1000
9466
6414
8328
246
2515
6307
5229
4423
6229
1729
8710
4825
371
3420
457
539
8165
8935
7151
2625
9317
198
8123
7940
5449
7361
2276
7014
1533
6820
241
8899
764
9475
8352
7251
8075
8971
9028
2987
4914
9588
4921
9204
9432
1202
8932
7283
9322
4955
4123
6583
7879
6803
910
6962
7803
1395
7761
1374
2918
4936
9880
8465
2505
8855
8366
4603
6412
750
9425
4844
8574
9446
8573
9667
7690
2980
5603
7617
7987
7039
150
7979
5372
5804
1091
8830
6806
5430
3786
3821
1879
5977
653
9302
7107
8429
2756
1972
9706
6383
4314
1181
4830
6123
5559
3482
3247
3030
1291
4487
5572
7816
2388
4353
1192
7255
7004
9596
1167
1150
3667
1415
4628
2188
2884
6663
3585
7961
6310
31
3801
916
8145
2641
6661
5879
8139
447
681
1772
4367
5610
5218
6569
9816
8652
5775
9894
8063
7169
5929
8239
4911
9679
3585
2965
9665
8086
612
4272
1977
6850
9693
3375
2684
2494
4999
6143
732
3875
1501
2425
5378
4703
6273
102
2231
5744
6085
7070
8479
4287
393
9646
5763
569
3041
8648
2089
1288
2402
4420
8497
8913
3002
6485
2622
7447
7625
6
8272
4525
1487
9283
2874
5128
4372
7347
9205
5170
7982
4067
5696
875
6338
9823
3586
8490
6410
2249
6590
6066
6495
971
4193
7536
1107
3545
9772
6176
3742
9072
7176
8879
1347
3884
8602
1050
9631
1557
5173
5734
2829
4328
3847
9609
7048
2228
9361
5494
9326
2827
3526
4870
1646
9145
2527
2497
2734
9457
5640
1037
9451
2018
8891
1997
3325
2680
9447
4650
566
7999
7196
9167
9096
3571
5558
5582
3808
6163
9300
7232
7043
3027
4212
1994
3043
1585
156
5659
8973
4319
8935
8305
6067
1503
8747
5804
4769
3677
6035
3674
8830
7477
5198
8210
897
3734
7843
2700
9677
6511
9182
8093
3211
8261
140
5888
6675
1366
9471
32
6630
3064
9694
1730
5818
6667
4685
47
2115
6317
660
8448
4139
5356
2174
3890
2606
5638
6336
9592
3444
2684
1092
5328
3771
6533
7010
2798
2097
8975
5514
7892
3003
6720
8336
835
8501
2346
356
2347
1959
8461
1996
6766
5679
871
4177
8163
5681
7831
3619
3319
856
2495
5578
4942
6823
7079
4586
5414
9633
5757
9010
9756
417
3354
8641
776
5511
7393
5381
8212
7952
6737
2785
7178
9809
2074
2027
8331
6159
7916
1423
1515
493
3338
8227
1290
1251
6942
425
1902
6920
7574
394
6988
4765
6060
8229
5189
9429
7011
9988
5549
5604
1149
5126
9207
5298
4585
1039
8699
8956
5354
2201
1530
7048
4531
6948
201
3091
15
6721
9945
2713
8701
9815
8919
145
744
7680
3166
9090
7844
4100
6442
7621
7652
624
3032
5816
1513
6946
5914
5532
517
2947
7046
1949
8974
7313
3918
5243
4958
3736
2106
857
8630
6253
6305
4945
6243
6215
1239
8450
6137
3514
7072
9736
2284
3553
3283
8887
8941
2663
2346
8371
2385
9202
1701
3966
4078
4141
7806
3167
3694
929
7031
571
7238
975
9295
243
7073
4124
5716
8234
5125
4986
7603
721
7719
767
7691
3154
3529
6659
4095
6933
4386
6715
8426
2833
6487
7501
3468
5555
5141
8320
5731
2436
7440
5394
1733
7882
4037
2709
3673
2190
3484
3127
1158
309
5977
2732
9043
5645
2034
282
7054
1493
6171
2465
5656
2714
3485
4821
7149
6650
6933
1785
4529
5287
9864
9738
9974
9930
7220
965
8890
9776
6786
9734
9118
3878
1800
4958
1057
9228
235
7760
3930
7385
9761
648
9397
3276
772
8488
1028
714
4019
6945
1207
7736
5011
586
8983
6054
3442
1664
9148
4534
7308
3979
3614
7752
278
5144
7544
3716
2840
3144
1224
5364
5400
4244
7555
6971
2465
2267
7910
8133
4435
506
760
2492
1891
3815
7403
4036
5155
410
5761
5924
7661
7865
9179
2337
7864
2478
2796
7977
8205
7351
9740
6969
8132
7082
6488
2028
9351
2130
8807
7328
1944
7498
4104
1782
4286
6405
9095
9142
9083
3272
6238
4269
7369
5253
648
5732
9522
3605
3377
4878
2399
4848
1529
4125
2200
3372
6167
7314
6411
2512
8506
8303
8568
548
2875
8155
2536
6359
9054
9345
1965
4684
4711
5525
5973
4258
9274
5189
8312
735
9370
8999
5121
4904
8611
1973
6170
3968
2148
2657
2495
1322
6739
6582
3973
5868
6357
3678
2819
9730
4853
346
3214
4748
6305
9025
6371
4166
2388
935
7470
9138
7037
2713
2391
723
6111
403
5996
2920
1570
4814
2793
9556
6392
2313
5700
4118
5193
3699
3045
1978
8943
1843
1026
2331
4814
7060
1993
307
8571
5952
2215
416
925
2199
6502
437
1889
5308
450
2522
551
1596
620
8849
8250
3532
8952
2439
5597
6175
5281
7506
5409
913
4589
2973
675
962
5963
1565
1778
7298
1352
8815
3742
2773
5441
8689
2348
5700
1922
6889
4662
8944
1309
3382
7391
5411
8983
5953
4804
7445
9260
8943
4062
7575
9618
3542
3061
8080
5035
5033
8270
9618
6709
3314
8388
9688
1468
8188
1093
5135
1327
2138
7155
2509
4351
9974
9627
962
9523
5850
7970
2634
1609
1765
2635
8283
5527
8043
6038
4434
8239
3163
739
3972
9665
5454
4099
819
9979
2921
3759
5360
3804
3343
7570
3000
1286
6055
5121
7724
8273
6117
5372
7905
620
2439
7132
4432
3214
8286
6971
3674
4875
3607
7812
3308
1058
2949
1231
4955
4003
269
9343
8861
4062
3502
1735
3460
7382
5819
5718
9559
5733
1318
8340
1118
2281
3674
4868
554
8012
6789
8041
4430
2625
5200
5477
5966
4394
925
4621
1027
7911
3020
5000
1736
1560
2921
2150
1125
4468
1558
8493
773
7442
8433
5503
7862
4548
6833
3911
8476
4324
3458
8242
3138
5975
2043
7403
9598
5278
8808
2751
2000
4187
1225
6399
4535
2640
6150
8819
5808
2963
9533
8427
9004
510
3514
3169
9532
7346
9570
2379
5628
1644
9099
7564
4185
6496
8315
8122
8400
7794
4028
1162
7941
5763
313
7895
2732
4248
5560
466
968
4247
8308
1075
9486
8011
6870
6142
7733
7286
3455
6017
4844
6854
8244
6234
263
1680
246
2405
3592
4265
5964
7890
4566
7636
800
5557
3965
1909
8004
8087
3201
6692
9743
586
9968
510
9415
7962
6132
6229
5884
8351
5617
2503
8671
5199
8145
6588
7869
5616
6265
6568
1980
9499
3800
1473
8849
4604
8684
6587
5420
2406
7120
3919
5281
5956
5126
5450
1203
8058
1469
2802
4686
9113
4015
5827
4033
7089
2778
2967
3127
385
8073
2708
2081
218
6158
1262
9377
3217
9454
4030
2981
7443
5001
8475
303
9924
5268
1653
2061
4672
8245
2225
9705
6178
6874
9277
8447
7586
5991
3205
454
473
1450
7646
6461
5057
1372
1952
1764
7240
4487
1937
3076
8803
63
7740
8236
6926
9134
9233
7113
7409
799
2742
8977
255
9126
6267
7964
5400
3515
9866
879
5566
4161
5629
7094
4405
151
1834
7165
6660
8875
2442
5884
9832
4390
791
2861
3815
2744
851
6171
1905
960
4133
5529
5907
2695
303
8603
1830
4730
9931
6037
7844
8787
1475
3279
5307
5811
8864
8561
8393
8302
4299
6737
1815
6962
1007
9430
8691
6933
9199
1784
1413
251
7171
1350
6147
6769
4750
1955
7856
8025
6635
9213
9471
5586
5126
6508
1381
2579
5319
3220
28
8691
5672
9127
8132
6328
5176
5738
6021
6347
5128
82
511
4964
5283
347
7010
7752
4219
8405
4601
4411
478
8187
5393
2195
568
1185
8616
2011
9905
601
4337
9152
407
4498
7172
4204
4694
9310
2705
2652
3652
6767
5733
1328
4458
9293
9477
5183
7404
2534
4023
3925
2297
4163
3537
1162
3549
9250
9801
7711
9156
5509
9339
7208
6650
7687
8265
2896
9614
2774
8668
6382
7061
5890
4665
707
5226
464
8415
8156
9779
8715
4733
4874
9279
8856
305
7147
5435
8772
1178
6532
9108
3852
6431
2862
6262
88
5432
2715
9251
4406
8266
3939
9440
9055
4673
2191
5721
1447
3589
1473
5989
5350
7231
4926
1156
6846
8885
8185
2196
3737
5857
782
2483
4593
1232
7655
2927
8475
1446
2254
4953
4977
814
7824
4777
5914
2927
9818
458
6520
395
419
1030
1085
4145
9638
5692
1371
9218
6746
4141
1463
1328
3135
5351
5257
1683
3368
3753
6003
2405
559
6469
3547
1933
5673
5523
3879
4985
824
8306
8964
8884
4327
9481
6003
9063
117
700
3745
7115
1201
7130
3905
8333
9038
4691
6328
5211
6787
7815
1700
8171
3922
6010
5786
5898
2386
2867
9259
4801
2044
3476
9426
9124
6047
708
3980
7669
8944
8183
3396
6117
3313
4527
1179
4651
7340
9084
961
6797
1293
6303
6610
9530
1850
7804
3120
5978
255
6638
4904
9645
186
9348
3316
9184
5760
1161
3549
2879
3466
1233
4234
1892
4511
6047
7097
6589
1823
3956
3721
4220
6266
5139
9362
5000
8619
8863
1713
8480
1364
5973
6452
9968
1191
8966
2622
7692
6910
9133
4504
6745
7351
7647
8101
3147
8992
2880
4208
5529
9323
2657
8147
1501
8030
23
9334
5175
4810
1720
4979
449
5029
9631
2498
2541
5094
1071
294
4555
2012
7427
8563
7431
5868
5476
8090
9679
1014
4164
3682
8386
6035
9383
3349
6003
8492
2193
1956
7661
9962
5546
4024
816
6821
6110
9590
8426
6587
2802
8078
6130
8832
5777
1984
1069
364
8820
6236
5859
5510
7984
9989
8667
6651
632
6848
5363
730
7539
2415
6844
5215
7481
8116
1682
8858
1656
5748
3258
6363
1587
7883
4084
8061
8473
2245
3151
4588
9203
6608
8683
996
1015
8652
7802
7207
6762
7147
4560
635
3619
7979
8714
2478
2346
4845
8587
6262
4431
6097
6145
5450
7350
9424
8709
4326
8096
5989
2225
1151
5430
7241
3021
4852
1614
8923
8818
764
5584
904
111
5378
8258
3324
650
874
7968
9349
6190
4079
1975
4319
1698
6810
6608
3026
4987
3041
7162
7125
3000
8074
9024
7469
4122
2794
1818
8470
3127
3150
3487
7004
4276
2405
647
6102
6127
5128
4431
2432
5775
1047
5782
692
675
5218
5940
8837
391
4352
9515
2679
9990
2639
5317
5038
8281
8009
3469
3921
6829
2480
1177
5242
6514
902
9429
8350
2639
5003
9755
4916
1811
9491
7390
3235
1047
8163
3831
7548
8160
1992
4230
9745
6928
3573
6602
7680
4395
4359
9739
6257
5655
9558
9780
5672
4013
26
8687
22
5469
2903
8681
50
334
183
532
976
4034
451
9051
6588
5943
4638
3728
1941
1306
1469
7281
6361
5447
5719
3482
4632
1195
293
1556
8663
2170
5957
5530
2836
2797
2529
2348
3937
6259
5079
3164
7503
1512
1589
3766
521
8163
4052
1693
3321
1849
1070
2848
7434
5471
8444
2732
4236
9404
4528
8139
3182
5901
1243
1098
4347
7603
9469
4728
355
7239
6919
6362
7573
3789
3342
3307
8806
4566
3855
5329
6384
6655
1913
3563
7434
87
2683
9526
5280
8638
6763
9887
8351
8329
2032
8451
703
4546
4477
6433
8189
8205
6699
1217
2244
7813
4545
6895
472
1540
3315
815
8478
625
9892
9380
411
1588
8697
9388
3320
4437
3291
5443
5935
2067
296
360
8564
9056
5175
5964
6915
3273
711
966
4242
3172
3379
5028
5202
2594
4467
5117
2184
3556
8946
8513
3314
1225
8248
6017
3416
1125
4996
6875
3537
1390
6647
2222
2991
6928
5023
1292
6440
6705
8158
3693
1026
1102
2311
9840
2282
1331
6965
2749
3264
218
7304
5478
5811
8763
3021
3947
8325
8402
9144
1516
7642
9839
1921
2857
1922
598
9640
1462
5009
8262
9286
3914
7144
2231
6033
5511
5009
5484
4492
1604
2604
7465
6697
7365
9905
1118
3388
2620
5121
9217
1437
185
8318
9657
8281
7853
3667
9574
6886
2172
9697
9647
4081
273
8760
1923
2070
3531
5806
2625
7963
4677
2063
6147
5994
4068
8593
6373
2441
5865
4914
6276
6231
6710
6592
3009
6389
5389
8405
3076
7934
1508
8622
733
5141
229
2182
9766
602
5458
4771
7749
9352
9910
9725
5342
6046
4966
6070
7828
5911
9142
4635
1728
9593
7480
7957
3962
9511
9887
9052
356
3859
4929
8313
4055
9220
1803
5382
3957
8031
1199
3653
3485
3237
3225
1898
8812
2601
5919
1573
2481
6284
5702
9216
4537
2423
4049
3009
7913
1684
7317
8844
7818
3226
5944
1177
1919
2131
4071
685
9826
2475
7623
3272
8524
7223
3331
730
5539
2192
2724
4770
7773
219
6063
5845
9139
998
1319
8935
9889
5648
228
3690
3002
6134
1580
7168
8121
7734
3901
5166
562
6514
1884
2575
8678
3602
8776
8705
2486
8918
9336
3841
4542
983
979
5774
3683
9337
3230
6252
8407
5776
4303
6776
7945
2907
1521
7187
8650
2033
6848
7629
5593
1046
5764
9391
2513
8122
3115
4164
1432
4079
4575
6053
9176
2438
2199
9280
7787
1701
4968
3556
1039
9702
1116
652
3049
8302
4059
4597
6981
2440
9702
462
2236
7358
9443
235
5134
1891
2465
8166
4399
8592
1581
3731
5614
730
9422
5341
8816
5148
3643
7650
940
7911
8637
617
8703
6706
3823
8331
127
4719
2721
8197
9469
3803
3579
2504
9140
6609
5503
7099
6782
5549
6695
14
3733
2952
8814
8123
7798
3173
874
8987
498
3654
1719
5587
5391
3804
2543
4937
4812
1449
8933
6358
385
7187
5170
3962
3844
4824
566
5559
7320
1913
2160
9067
5936
9044
6649
6413
7506
1970
202
7763
534
2713
5742
9454
2493
5583
9154
579
8991
9244
5832
9718
6893
4170
7371
9333
8021
4460
6029
4158
2947
1176
2588
4318
4
3362
7348
3383
3702
1559
8302
3693
2156
3491
8341
6142
1118
3807
4553
9148
7837
3706
6956
8136
2963
1827
8506
6636
8089
7424
2359
3012
1410
1630
6192
9258
9205
1254
5699
9438
7736
5896
1834
4558
5799
3303
786
7991
84
6129
1114
328
8025
6793
3047
8160
1081
2018
9508
6292
3588
7898
7447
158
3369
5600
8143
3572
1493
3540
3465
4436
8650
1354
3634
186
3996
2299
1895
3246
7828
7128
3336
7421
7
3803
8491
3154
6417
1260
9724
4432
2571
4828
9042
7535
1324
4162
3037
2768
8683
9648
7483
6527
290
2561
891
8036
9438
2625
2553
518
2867
3177
1479
5117
2237
7237
3004
1890
4081
3332
5622
8981
3329
6684
1388
2714
5311
6599
4078
3138
2809
6765
7550
8721
2386
4592
3479
1393
6770
2526
8171
9651
1939
7287
7036
1629
9724
4875
240
7428
7739
8462
3399
8183
6171
8652
1672
2789
6246
4403
7847
8333
4355
4129
9443
2896
1232
2651
1709
5637
619
5686
7283
4025
4138
7782
8601
5232
5498
2017
1625
7293
1445
1599
7186
2713
5053
4929
2572
6708
9813
827
3771
8565
6734
2254
9633
5999
4462
9046
6798
7939
4526
5501
6195
9388
3530
6955
1477
6107
43
9707
4556
5695
6353
779
1979
4832
7498
8735
9066
5305
6112
9698
7550
608
862
7434
6875
8403
9762
9286
896
8688
8126
6359
7072
352
5881
8953
5649
2594
8099
7117
2045
7056
6997
8356
5942
2064
2486
2954
2295
6009
8907
1420
3749
3936
454
8471
6308
1630
5919
3839
1590
927
6864
7272
9374
842
4937
4133
3987
984
2628
5451
368
5219
1636
448
2840
9676
5814
6742
3094
8073
8874
1070
8691
5913
3771
314
2465
9990
7928
4420
7716
582
8199
4148
6480
1133
7280
9810
7054
546
1557
472
1000
7612
2977
1939
9251
1337
9774
6278
9053
6124
2801
4619
2524
5825
3504
2887
1942
5357
675
409
6143
7399
2232
7247
268
1676
1201
1124
4358
2084
8024
202
6778
3215
1218
4288
1918
4107
7473
4320
1118
470
9492
7128
6180
4298
5689
338
4038
1273
4899
1682
5257
2214
5046
8220
4516
8110
7919
6544
1407
4561
4353
5827
1530
1953
7450
1611
5402
534
1604
8359
1966
443
8919
2840
2912
3464
6764
3599
2007
7357
796
9813
8488
6696
246
9505
5325
1028
1296
2537
2254
9726
3189
9545
1228
3300
4797
505
5293
2509
8666
8526
1217
2607
4430
767
2019
4273
9770
3490
5915
4109
1202
8259
7232
1169
380
4240
4011
9907
7175
1940
1494
3855
3160
206
4835
9838
863
3549
4426
6692
6824
8698
4170
4710
4557
4066
801
4535
4937
9839
9767
1550
4296
3762
7588
2341
3035
7727
9713
8015
5815
6084
9996
1271
7245
4951
6805
2034
1556
3852
997
2641
3681
4512
1983
7205
6121
4901
9519
9534
4941
3849
9294
9186
4820
7669
24
8983
3047
2928
9076
7821
2886
4270
2658
3915
7560
8648
2916
7844
5279
5977
1587
3445
394
114
4418
2399
7748
8506
6591
795
1834
950
8598
3471
4937
8337
1904
7515
8565
7512
5640
8464
1911
8757
30
8222
4478
3909
1285
840
5798
5208
6071
5303
5830
8181
4984
4823
6579
3687
3847
7282
8530
4312
8273
2935
9963
2649
6720
2023
2281
7771
4417
7116
1630
1693
4659
2646
4995
5266
9547
4099
9116
7790
21
665
7882
8669
4997
6403
8091
9808
9435
1111
4796
9669
4276
8112
1854
1313
9709
8637
166
8541
5363
773
6447
4859
1302
8709
7322
4739
2620
727
7141
6670
1953
7488
1178
2590
9084
2023
2750
4680
781
2173
8730
799
6515
893
4038
4222
170
3410
9969
6354
2849
991
2861
8514
7274
7423
7304
1692
2986
2042
4549
2813
2400
304
2889
6412
1507
6245
8497
835
7795
7145
6272
5499
8994
3267
3879
1348
300
9145
3437
6830
5920
9871
9934
5894
7603
5465
8480
8544
9802
8735
5136
254
1605
3740
1291
1482
5676
8546
1001
9990
5425
5647
1747
7501
8740
9140
3781
53
3301
9367
3023
5300
8196
2759
5605
3164
8565
7655
2903
9013
2288
8746
6779
4837
8100
6921
3365
5838
843
5235
8792
9412
9033
1730
2775
3593
6414
1894
996
7127
5307
3952
2186
5194
5729
3021
7046
3128
4949
1085
9376
1261
9231
8127
9528
2103
3074
7611
555
9274
3878
3531
2532
6609
6433
8871
7983
7507
3812
6779
9465
2638
353
2839
8419
722
8283
3524
4293
6284
7718
6366
5152
8045
2781
3202
556
3575
3986
885
3568
3508
3616
9502
8335
4978
7324
6513
5567
9007
2106
4585
6838
5677
796
3169
6221
1794
2085
4784
7782
1054
2572
1471
3162
7434
8348
9367
3995
1130
200
3900
8984
1950
7596
6400
5103
8587
7502
8485
5468
4337
5219
2851
3664
3944
9967
8146
9149
8636
4244
5237
6462
9586
3371
9987
3
5798
8801
4707
1273
4355
2456
5187
9496
4573
2191
6037
1447
751
2364
2967
5098
8220
3941
7405
3851
8740
8510
3918
9111
1477
8636
6407
9807
5435
8472
8319
7694
5030
7472
9433
6346
9638
1655
47
6772
630
8892
8546
6618
2690
4233
8667
1516
2630
1522
5100
4715
8260
8237
8184
7437
1697
6161
1963
414
7645
5446
2711
2544
7566
6396
1085
2371
8600
2296
468
7135
7275
345
7193
2798
2200
6281
8212
2567
4401
7183
9698
3845
1965
1681
7636
4150
8036
1062
5316
8735
6829
473
751
4957
3746
3370
3667
1382
6492
1711
8438
8926
4289
7816
4160
9622
6998
8384
3159
2574
7858
6767
6949
8123
9474
9037
6312
3460
6978
2432
9349
2854
350
9894
8106
2824
8869
6942
8895
4600
7111
3009
1896
9844
8347
6782
554
2773
8208
8755
7031
2534
3454
4824
2936
514
5943
8101
3718
7595
2783
7315
1860
407
4917
9952
1501
4917
3405
220
3269
2910
5916
5569
5967
1638
8799
9359
1035
2113
8392
6565
6457
2162
599
4652
3503
3599
9393
8893
1858
6736
6287
2643
1364
8375
1925
6939
7051
7865
4781
6264
5370
2554
6959
7491
4126
8295
6640
255
1607
5629
7845
9402
5745
7255
5570
4496
1294
8164
8035
2218
2290
2807
2277
532
506
8536
3858
2827
3897
9480
5976
2293
7217
7490
9781
1947
4522
2396
6881
1457
9571
3869
1080
9959
4962
3496
2659
8872
4937
8423
4145
79
7351
5731
5767
6057
3352
7151
8033
4821
3067
4725
9220
5480
7614
9400
2002
2782
7
3337
3992
315
5441
5732
5111
4719
4289
6522
8637
7927
8549
5114
7936
4624
6024
1657
7783
8391
292
5969
3973
2412
5412
1813
1203
1205
5093
5570
9992
8479
5081
880
9911
8367
2695
24
2390
246
2690
2897
9526
9107
9732
6179
3380
5426
2199
1068
2635
2658
593
5312
147
1748
7481
2571
3274
5600
954
642
2541
7266
1955
6936
2436
2497
296
4844
2951
4048
6504
176
673
5086
6012
5188
3216
3272
1097
6849
4821
558
1490
6050
8798
3170
5518
5772
445
3260
7313
7998
7189
587
9
3603
9697
6839
9400
7332
6641
8450
600
8699
7377
3197
6240
179
9432
5126
930
603
3770
9822
4126
9865
10
6873
8342
2027
3616
1135
6319
6088
371
5007
4241
6741
7843
8067
4731
180
8997
4703
4854
711
8700
51
4900
8354
8464
9248
821
2447
9038
2567
6006
2058
3180
4445
118
9757
7783
6635
4246
8854
6715
9649
8989
3923
7518
3083
1893
6864
6409
9035
6838
2968
8292
2246
5036
375
2813
5131
5863
1760
6165
1533
7487
4538
7591
4066
242
965
9942
7333
6764
1915
2962
6662
5250
9793
2598
2912
299
8924
1281
5291
6187
7617
4767
5096
3260
1333
9955
4410
3836
6131
2051
9684
3150
2156
6752
8749
9469
7960
1089
5008
7316
2970
7387
48
6787
4866
5023
8057
6495
5740
9168
9634
5177
2102
4495
4622
8665
1311
1445
8481
1767
2891
3692
9584
6117
1123
74
4721
3164
3785
7915
3858
3026
5273
330
7397
4421
3499
2829
2761
3239
5412
8634
4420
9222
6268
3945
268
6646
5467
2023
1685
5101
3437
3731
724
1866
8885
4666
3666
2547
2397
5898
3997
2778
4235
4692
8216
3708
15
5091
3555
3430
5305
6724
1557
4388
4967
5393
3701
4871
860
4318
1065
4001
2028
2078
149
6864
2548
9874
3349
9541
6327
8432
6550
9169
4531
5645
3278
3499
5635
6551
5660
736
3821
9985
4906
8487
9626
9467
111
1328
102
845
4529
4024
8189
8928
5623
9275
1350
3833
205
7735
5036
4659
1073
1817
2103
4088
7050
4247
5450
9963
7432
6841
5493
6389
3110
5668
6266
8235
9228
5461
6349
1608
8289
5814
9124
204
3982
2864
7806
864
5854
7757
4272
5093
5633
9016
298
4729
1952
8948
4440
6373
5370
9974
7173
9285
7949
5391
7066
1604
3313
442
9572
9940
9054
3631
2084
5223
9197
5537
5600
9134
8284
8074
6246
1483
1931
7089
3616
6964
6644
7605
3411
8519
7048
1001
3073
1300
3812
3020
959
8732
5938
7715
6065
1108
1851
3846
7569
4198
4810
6628
3327
8212
8716
1843
7986
8937
7540
9976
9245
6734
731
6911
7741
9462
2964
1624
8206
7575
3757
1278
1548
981
1250
5381
9223
6589
5308
7808
4369
5131
535
5164
7809
536
2321
1068
5098
6867
5069
4641
4437
2123
6072
9926
522
5286
7139
9318
5134
8001
6702
7914
406
2597
390
5075
5322
1922
9046
3600
965
4203
3241
1341
553
6429
6383
6808
7343
6797
5757
8593
1548
1821
9231
29
3919
7483
2041
6135
2902
8791
9307
8564
8513
5630
7570
3761
5166
8343
2987
5003
7715
3786
5875
3707
955
8424
5018
5756
8695
1563
1735
7690
9046
6267
8644
6633
5983
8601
8729
7903
7259
1292
8982
543
4960
3525
474
6723
727
17
9601
1237
8223
2060
2395
4826
1835
7388
9575
1099
150
2449
9070
5250
1943
8118
8332
4350
1919
5684
2152
930
4127
4596
3493
5488
8391
4367
3154
9933
3065
6676
2780
1889
1484
1204
2531
4542
6173
654
1945
6107
655
2178
5031
4956
7251
6356
922
4735
803
6975
4362
1813
6136
3636
9788
1850
5579
8318
4061
5508
776
7394
6814
6404
7695
3544
1744
9020
8069
9248
6261
2814
4327
5844
582
5196
1694
5001
9106
7025
2286
8304
3955
282
6040
3775
7661
963
5568
6487
3872
2890
7832
7073
6605
6050
4955
7210
886
6439
8551
1593
7149
7208
3201
5929
8990
8966
5260
7463
1689
503
6868
7194
6007
4087
5909
889
1710
3772
3657
3037
3983
4885
5598
8517
3373
1263
5861
5168
1048
9411
9127
8187
5431
7630
8978
8790
484
2366
3361
5397
1842
9510
8042
1248
9993
4335
5905
8887
6226
4796
6362
4262
7374
9544
5180
49
6192
6062
1472
108
8251
2164
313
3706
6854
1428
173
9008
5853
7976
4017
1412
7249
5490
2468
1559
4815
2870
2610
829
6749
7685
8104
7253
7569
6775
9367
8601
4444
7843
6929
948
483
6334
6017
906
7199
2254
2039
9657
7850
6697
2705
9946
4090
6271
6613
7556
3435
5393
1274
8429
788
9772
7927
9054
1723
4454
9491
8466
7028
596
7148
5194
932
7877
1139
176
6901
4543
3652
6806
6962
5284
6691
107
5874
9680
1426
6057
7329
5922
5039
3406
6954
6468
7946
3780
1681
6681
7284
7279
9788
3491
6052
3731
5458
8942
9491
7248
7452
8764
7767
875
6040
717
8924
7610
5980
5210
3470
11
7031
3231
8084
8017
8931
51
3590
3740
359
8581
6255
6725
521
1140
4941
7955
8960
9915
9525
204
968
4664
8788
9516
4575
1080
9648
3291
3164
6496
446
5774
4239
3210
9260
8396
2195
186
9342
283
2192
4316
7110
2359
5022
9101
748
7438
7748
1026
1325
59
6126
6232
7968
5468
9148
9625
8388
6114
3735
9960
2229
5734
974
505
5197
7074
2047
2368
743
7011
7154
1652
2702
3561
2479
3872
6132
3592
2688
2358
5872
1566
9840
9248
5903
529
931
6292
6362
5460
6431
6963
2776
3942
8408
5951
8474
6536
7098
919
7300
5305
9903
6896
7964
2608
2848
1793
5947
3860
9304
5051
3808
6795
7333
2307
4964
1790
4647
7822
9400
3445
7755
7672
6474
5204
6385
9888
6087
5489
424
2612
6250
5857
5900
8276
8418
8463
1686
4198
818
9208
7586
9285
130
5974
1454
9494
7139
8454
2830
858
7504
3688
4588
6537
6432
8243
6396
1025
3927
1698
9822
6618
8172
8047
1021
3349
3686
8746
2500
6865
879
8487
9808
7913
139
3105
3105
301
7345
2814
9770
8108
1400
5649
7960
9483
4381
2198
5935
4948
1552
4830
7487
7902
6159
7095
2597
4837
3210
8182
2910
9510
2022
2452
7127
4170
8605
1571
3745
6476
5794
9099
1584
8440
7490
8117
5298
8257
1574
7203
3724
4543
261
5737
8927
468
2246
1757
314
1322
1572
1703
2793
7690
1354
3716
5947
4091
4797
5309
7106
9894
9353
6351
7860
34
7908
967
8158
944
2366
6524
9975
1813
7818
472
8466
9583
8342
8036
4062
6486
486
3088
9064
6497
1664
9180
352
9362
2480
6469
2057
5471
8443
2959
2121
174
4640
4315
336
5996
5018
86
6454
4442
4595
6959
7629
6564
1715
6146
8822
8623
6742
5429
5151
5855
3067
9214
8906
2290
5768
2159
7496
5101
2923
623
2932
6337
8492
4054
7805
8904
8830
9429
875
7282
9188
992
3763
2535
1328
9833
2037
6808
3302
1850
1571
8423
4736
6623
6572
1903
5499
5901
5574
1218
3390
9027
5705
6621
9546
4780
9976
7674
6733
7821
2747
465
5457
3137
9784
1099
4145
2607
9777
7462
812
6980
4022
6526
3810
9651
6411
5006
7675
2790
6116
3154
9831
4543
6908
5000
7056
8287
1845
8355
5980
6274
26
1500
8910
2118
385
9989
7820
6326
3628
8395
8619
7863
7054
3320
5206
6526
2875
241
8910
7451
200
1363
971
1399
9921
4277
6113
3925
3817
1146
9822
5656
6268
1285
991
3697
4081
6217
514
6691
4491
3244
790
2918
3487
9464
9551
531
5695
3342
3942
9362
9525
5239
6509
5118
5995
1976
4816
866
3351
5601
807
1059
7653
5058
6360
649
1596
4666
9945
3802
2642
8926
3411
7509
6699
4035
5666
2840
7133
8216
3673
975
5871
2594
1938
5722
6863
9349
5395
7769
3347
9244
604
4966
1448
4422
1597
3615
86
9373
4965
559
2805
9700
5109
3097
2200
8108
2115
7760
9127
5571
9050
4133
5418
2602
8830
7661
3393
6017
413
5182
4242
4225
6033
919
4346
7141
3378
1177
3828
5414
2713
6134
2791
2626
5216
2053
7593
7304
5060
6686
8146
8195
9932
5656
8555
8625
7828
5869
7653
1502
7522
2630
7302
8434
9609
7736
3183
3427
9836
1883
9673
2664
5610
6339
1741
4908
7863
653
2770
3227
8844
5288
3585
3900
9813
269
6437
1819
632
9612
2911
3218
9174
4916
5285
6435
9257
8831
2698
6341
5981
6296
9097
6520
2971
10
4507
4518
7360
6790
264
6569
6509
8576
2234
5939
3752
9047
9389
9086
1167
6799
2450
6752
1004
8397
4291
5674
3348
3838
1217
9629
3130
6420
2185
7658
3409
4990
5893
4597
2206
4915
4878
3829
6700
8267
623
2971
1224
7098
4757
972
2093
2570
5379
5436
3290
3764
3106
7209
9375
3578
7014
5089
5223
3380
6443
2529
1855
6485
8078
1004
2277
3001
6312
8276
6860
3437
8981
8263
299
4059
3907
2041
6725
9281
438
3034
1075
4461
8088
4308
5373
3687
1662
6548
1849
7067
3093
1010
1962
545
2491
9182
9113
9563
9179
4521
5505
4410
368
4797
6852
9102
4074
2138
7371
648
2207
8543
8315
4061
2008
4753
7555
3337
3116
5946
2626
3917
2523
5729
1109
3448
2288
5937
318
685
6010
2873
9040
1830
468
6080
6871
7125
1247
7411
3541
3763
721
7629
7990
6695
2087
6402
7173
2756
8614
3463
3831
6783
1935
3009
7397
796
7265
9704
712
5476
8601
8
8461
3429
9860
2741
6504
278
9669
3048
1156
3381
6321
778
6104
96
7400
5531
9942
4764
830
7855
29
1989
7575
3735
62
8050
4914
7496
1243
8692
460
7529
7083
8683
597
8478
5195
7957
3312
8604
7055
5972
1427
3609
1781
8859
63
3153
9162
4293
5737
6247
6998
5649
9143
7718
2691
7006
2150
9395
2763
847
7720
9682
6271
2108
3371
977
1156
3077
324
4100
839
499
3083
7422
8545
6796
3904
200
5990
3810
1019
610
5080
8250
1489
7859
8232
9236
7650
4319
5804
219
7376
708
3948
2683
9930
288
9927
7642
5798
4115
1203
2613
5133
4621
3329
1272
2447
4
7998
8361
2408
867
9349
5649
4859
8754
8434
1832
4858
3326
2514
3020
5880
3126
5831
7326
7973
1233
6088
6473
2105
4543
3124
5711
7516
5434
2327
274
6145
3160
2997
3932
6243
9280
2915
9292
1592
4279
7909
7406
4786
1494
9058
181
5060
6714
7427
8599
6706
2455
4539
7525
1073
6393
1425
2438
2493
3977
5400
527
8921
1577
4799
4497
8881
6044
9748
2846
8540
3141
8980
1801
2062
4506
2062
3130
1097
996
6181
9307
2035
8550
6692
2131
4802
2264
5196
6012
692
2783
2728
9282
9500
314
6130
8730
6918
5100
4286
3452
6892
7057
1156
8767
897
6638
1883
3472
2714
9386
2497
6734
3501
4259
6231
5478
9137
3502
7641
5526
4085
2207
2843
1743
5565
7665
7935
8108
1558
3170
5156
1289
1355
9726
7736
8818
4304
7111
8973
5306
8652
2350
9962
1061
6259
5376
7080
4306
241
1792
7741
9176
2435
2077
7382
2987
944
6800
2204
8331
149
9828
9193
7402
4045
1953
2453
6824
399
1351
4361
6861
833
2116
3636
2482
5611
7267
9995
7548
4086
5217
6379
3478
7620
5261
5451
2809
9273
4587
3069
4011
4566
6196
8771
9714
5846
9454
6078
3651
194
756
6881
1244
3167
5586
9300
8857
6711
4559
8661
1479
549
1318
1592
5699
2234
5363
127
606
684
3863
8709
208
4062
1160
357
7429
7067
8569
4824
4904
716
9121
8170
1787
1449
7834
4414
1248
7644
2088
8056
6871
9729
6515
5576
4165
5257
7411
7271
6701
382
1112
4121
62
8609
9731
7202
3624
9215
9253
4118
6427
434
5682
8873
7583
788
4768
2741
3498
2270
4322
5033
6193
4638
6172
2574
8127
7415
5122
9301
5595
1186
8417
9404
3736
4819
8106
3264
9742
1478
3271
6061
6769
3656
2251
8144
8075
7650
1786
5277
8891
80
5089
4812
9033
576
2788
8527
6452
9942
7763
5758
5658
5261
3528
8787
756
9783
1695
6786
7468
6565
3186
5904
1947
6418
7776
5317
6899
2265
634
251
8966
3944
4026
9686
4050
4652
4016
4430
3993
4940
762
6119
6161
7921
2558
7058
2836
9122
9032
7820
3445
3951
7627
324
9072
5812
6998
7434
8556
9293
3348
1315
6705
7688
2383
9993
5504
6453
9619
2271
419
9946
7675
1154
8977
3460
1498
6732
1742
9432
1351
7170
4893
1544
870
5660
4835
9857
175
2725
9610
8720
6030
4680
2814
8741
7318
7306
4423
5216
146
3735
3204
8695
6026
9381
336
2921
6830
8037
8708
3997
2514
6568
7257
8404
5046
2541
2040
9054
6913
9000
1904
6104
7929
1871
8146
5202
2018
3534
9885
4495
9009
666
9313
7030
9915
7459
2658
9429
4959
4226
7947
6549
4732
1218
9100
472
6800
7643
9250
7663
8351
7049
8546
9256
2268
8587
8401
6213
9719
471
6691
7112
1811
4651
8334
9466
4611
1087
5610
59
2512
1462
8887
5587
8153
868
2555
999
88
6425
6455
7352
5213
3546
8132
3461
5065
129
239
6624
4377
7851
4111
1934
9085
6479
8895
2808
9796
1743
1724
1487
38
6871
9916
8508
8142
418
7625
3861
6129
9483
457
7052
3407
7073
7275
2193
2869
6580
5344
5096
9005
8316
7364
4709
7091
8362
184
3108
8452
5669
9469
7717
229
1974
5326
6292
7357
4592
9082
8055
5984
1510
1565
5312
6297
6481
2315
2722
388
3609
2120
17
3365
4544
9223
4386
8504
2510
4860
2386
6150
7895
8992
9826
8592
7001
1057
3535
1756
4850
1811
2368
2985
9406
4600
9544
5472
3181
151
4508
6201
1267
8987
1679
9207
7754
3547
9704
1985
2354
5313
3285
4222
8376
9914
2249
8652
708
8105
800
4221
6716
3464
8404
7663
3942
2140
6952
4535
3083
6499
8833
1897
2871
9085
7685
9574
253
6100
5995
6226
3752
3066
5250
2400
1404
973
6494
4189
938
8506
5021
3062
1234
4363
1079
2663
5987
3854
6004
3281
686
6916
4887
8343
3769
6321
3672
5526
8431
5543
4832
6526
8036
7066
4173
5329
9030
5120
1525
9526
8944
743
4104
9898
360
4978
6654
9205
6280
9954
4175
9364
938
4301
2481
1865
6540
2141
9148
1531
7074
1703
7658
2202
4923
1478
4378
4899
1276
5765
627
8876
9033
2198
6758
526
8370
7809
6348
828
7066
9787
7054
3044
9602
2818
4052
3904
5140
2691
405
9209
2252
9433
9437
4634
3729
2227
8668
4700
8593
7536
8459
2659
1850
1145
298
8948
5445
1307
2901
1393
4572
9967
3717
2259
3276
8296
3170
4115
5478
233
6790
4213
2000
5280
9933
6273
8921
6819
8009
2991
4761
8069
2018
1934
2166
261
4490
6146
2547
7524
8254
1176
515
9521
2648
9846
4267
5042
577
9764
4118
7777
2165
4289
7330
6913
3247
8404
1271
9275
8323
9552
8392
9017
7194
9122
306
6974
2424
6474
9553
2481
3225
9236
4578
7284
2042
5538
3235
9141
4965
2216
9639
3376
4308
7651
2805
1838
3094
1622
8880
7391
6927
4707
274
4320
1001
1171
785
2616
6617
7170
4675
4853
5612
3754
4030
9022
7953
4698
2232
2756
2096
3250
7661
9530
5863
9822
271
6046
5526
5197
9080
515
3376
5997
1211
8636
338
9956
8232
7479
8496
765
2414
7508
6635
4045
7018
5969
8575
1970
6318
8435
2328
2231
2173
6707
3236
2678
6611
3827
7267
9963
7634
7899
2652
1360
8407
9524
4666
1610
5930
79
7571
7903
2116
1827
7560
1619
9483
2034
6504
8702
5705
7255
5648
1227
6875
8335
4317
8319
9253
3873
674
8340
6931
5802
2757
3746
2346
457
6035
2953
828
3396
3172
3197
7643
2037
217
5486
8325
7957
658
2706
4589
6020
4988
3682
7290
2738
3224
1358
2057
7372
4310
5053
9710
1398
1952
5878
7624
6913
8563
5092
1986
7898
7640
1353
2229
9759
4034
7458
3723
6958
9807
9091
4974
1948
8945
1983
5727
7359
9271
757
8947
4393
9204
5098
6248
8257
401
5376
2517
6816
9726
3184
79
1540
1139
9993
5399
8564
8725
4532
7713
7217
4021
3299
4608
69
66
2230
653
7228
382
8202
4279
7547
718
8767
8020
7697
6859
5700
9797
8504
9334
5248
7639
9384
2633
8272
6838
4969
2696
184
9212
4898
422
4408
1671
5267
659
7901
2441
3003
4259
1424
7305
3943
8810
6495
359
8056
4372
3670
7100
624
3985
1610
1167
9240
6829
9362
6900
5921
7902
5586
9760
4133
6854
629
5336
8105
9705
9766
2710
2322
9384
4187
8909
5488
379
5487
516
8075
1006
4698
430
4681
3650
1632
4107
458
6468
1571
2199
9072
7723
9733
304
9310
4331
1422
7669
2475
806
7413
9097
1667
8514
6511
5959
3707
6230
5218
4848
9023
8654
2709
3568
6009
3870
3782
2510
6160
1522
1431
4306
8603
484
3958
9649
3376
1159
6279
8707
670
8672
6208
1862
4243
3637
1681
8875
8315
2014
5533
3166
9158
7815
6954
4260
9284
2663
4753
5213
4975
907
4482
4344
7477
4908
5480
9350
337
8559
7540
9222
8517
6507
4905
5792
8374
6245
7139
9645
8676
135
5508
6803
6949
9503
1629
783
3261
3171
2981
1291
6091
1235
857
703
2547
7703
8864
7571
4579
3239
7050
5715
7813
2873
3173
4075
8256
3669
5691
5634
8891
1989
5851
3843
7567
8664
8738
1765
8312
9126
3798
3789
2984
6189
1263
874
8792
9433
3810
1150
7228
4419
4139
4044
3537
8656
9895
3820
773
6010
3420
9372
1171
2109
2885
7937
1658
3655
9293
9083
7642
6994
5335
8022
1418
1998
2232
9116
5464
8871
6386
5800
8382
4982
7453
4342
4589
2419
8548
7063
1833
5608
6970
7792
273
4401
5255
6305
6569
9248
2226
1187
4134
7309
3485
8043
7877
1770
5416
6363
4200
4692
115
9944
4494
2485
7155
9158
6606
8695
1600
2607
1472
6291
249
8258
9736
5832
324
3896
799
1911
3526
2338
5344
778
7483
3903
7676
9573
9923
6074
9851
9300
6985
319
3520
9828
4753
1934
4775
8319
8334
1592
3197
3151
5085
5111
6476
307
593
1322
7138
9567
6604
2269
5069
8301
4550
8967
933
5138
8573
3149
5990
1884
1834
2980
2504
4839
4940
3316
6717
6159
755
1063
1974
1279
362
4641
4482
6360
4402
1786
9140
1869
7608
7158
7648
3755
7986
3558
7138
9254
6251
2440
556
4415
4888
7961
1050
3170
3286
2250
6434
6427
4802
6672
8205
5976
6053
4357
9565
6922
7466
5181
6299
2117
894
7395
7774
4455
7842
7585
5833
9781
8655
2206
7809
8769
5928
2978
4521
2808
6085
2214
6445
1736
8705
5398
488
4622
1137
9736
4162
1949
590
7782
8777
5227
1330
8534
5994
2501
9644
3276
2364
4707
5855
7045
554
2198
2829
5268
7723
9198
4971
2362
5568
4200
2050
2686
6121
2725
9122
9724
2244
9494
914
6282
1907
50
1352
805
5000
7450
6625
5946
4080
9476
9758
1296
4074
275
5500
1635
6419
1976
8286
8140
6655
5826
6585
6891
7685
7040
1228
6215
631
567
6633
6476
8365
448
5669
1811
8909
809
8136
4751
8089
1355
1104
163
342
75
2313
1106
7572
4074
865
7886
1742
8231
8683
4626
80
2997
7043
1323
5008
4215
664
8177
6459
2599
1659
9667
9805
6326
6147
4432
4044
8077
6602
4834
7585
6242
4631
3093
2836
6215
2457
3366
7395
2477
7996
6934
2686
950
9195
7694
1394
7319
8723
1132
9745
1884
8368
9211
5258
3173
7926
2321
2010
8926
3822
9905
1887
941
8427
49
7109
2708
4440
9943
2623
9175
3312
1772
7523
2151
4681
9314
2322
4621
3645
8930
2754
6946
247
6062
2427
1963
6823
7285
906
1986
3538
8452
5221
2095
1289
6442
6828
1813
3411
8916
776
1529
9066
9335
7939
3550
5616
5485
3059
5356
8587
2150
5348
1567
6788
927
8401
4731
4616
8528
5663
1132
4281
5760
6198
108
4628
9523
9549
4702
4015
323
9537
3000
943
9916
6945
5133
2995
4225
649
9032
8353
445
2234
885
9611
820
9026
8697
2926
8088
2125
5410
7175
7047
4679
1112
1281
1009
7852
7923
399
6135
9231
6262
4834
9071
1491
4217
6232
8964
1241
7013
9602
3738
2055
5561
7201
5232
1265
9273
4428
5070
7159
4630
7456
5742
8155
4920
4788
9607
2781
5655
1511
6628
309
8554
6649
8275
2860
3094
291
73
1991
5128
8243
5186
9760
2862
1816
1799
9443
4272
3943
7112
5555
7356
7208
2921
1991
2335
6640
3514
2420
623
4075
2685
2791
6421
9253
4524
2879
9288
5894
5091
5845
2900
3000
9609
1370
2170
6630
3276
5979
6417
2979
7354
243
6874
7491
1884
4141
9873
7098
8349
7300
2223
6703
200
1114
637
5549
6367
9905
5395
6262
9336
1849
6510
5220
6386
3783
6463
2334
6837
5054
1520
1443
4039
2140
4130
9926
4843
6436
195
2214
8709
6483
1547
744
6888
1057
389
3395
768
8039
2346
6232
603
4551
264
3100
4177
8748
5522
4916
6437
8063
5090
8348
6452
2370
8666
9428
9211
4109
2647
1591
1509
2228
5254
505
2145
1137
1281
9244
866
7747
3458
4127
608
7298
9096
7556
8347
8349
5927
5612
7504
2002
3658
8610
9013
9514
980
9104
8830
6239
5059
6002
2002
3450
4710
9269
2839
541
6389
1867
5513
5258
4351
6015
1466
862
9441
6159
1028
62
5602
9322
8346
9644
764
1672
9949
7478
5716
5488
2921
6443
6459
4922
1583
4250
1133
7394
382
2602
6406
325
7003
3360
6484
5548
9855
5952
7624
3314
6719
2387
1510
1555
6583
8992
6028
8931
8944
154
3584
6744
6321
8007
9281
5685
6513
5689
3312
787
1034
4682
7431
8254
9625
968
8455
2410
8786
4827
3920
9313
8641
991
7305
9242
9595
5475
1583
2982
5715
5884
2074
394
2024
4678
1563
7012
4779
8169
4978
4173
191
4548
4333
4282
1833
1400
9834
2830
8135
3027
9405
223
6973
840
477
6563
3642
7880
520
3911
3097
9519
7879
1195
7732
1549
5917
8894
5634
7887
1097
4738
2609
5849
682
2412
6655
227
7490
3162
1842
3853
499
7601
3384
8016
1350
8161
6056
2563
7419
2679
6471
7943
2571
416
1047
8655
5785
6709
4570
5775
3815
4216
8500
4688
9796
2184
2878
8316
4323
4724
8327
8493
759
1738
1909
237
7930
3723
7049
7753
3597
7229
401
8727
9850
1612
3271
7489
5653
4398
9206
5917
977
401
2732
8938
5998
9620
8011
8921
8720
623
9466
7957
2124
3791
713
9633
9755
4658
2
2477
7009
9195
2554
3061
8071
515
3606
2118
6900
2957
8731
7404
4298
8051
1790
3117
9693
7122
9562
4540
3727
9503
2783
8780
6246
1444
5607
6241
1390
3787
2309
4644
9835
630
9431
6403
6103
3305
6554
4850
8298
9605
1548
2018
1864
9217
8428
7900
5364
7815
2429
4187
450
1160
2202
2403
3385
3581
9988
9169
6679
8075
5655
7393
2351
1346
6539
1526
7982
1570
5125
3930
9580
4171
125
4402
413
3903
3963
7884
7975
6006
8267
3128
5902
7182
127
5632
6922
6477
7348
1990
8042
3541
7660
1080
2722
8962
4026
354
1024
4019
4541
369
3293
5330
5811
7247
8174
34
7439
6704
8650
8564
4726
6680
1302
70
3619
7478
4364
8185
7498
9585
5723
397
5785
7870
4967
8763
6890
763
5441
2046
2693
7499
5953
2991
4626
8847
3023
9276
5133
5933
4162
6885
4658
127
5760
3474
9192
1530
1395
7268
4554
7337
3837
8599
2480
3030
9074
2480
508
2181
6468
4761
144
733
7612
9718
9245
2132
1188
2307
7879
4854
4882
716
9924
929
8654
8344
2531
255
6068
7715
8505
6353
8133
4567
2726
5189
3064
6070
4406
2628
7998
9751
9604
8283
6131
2890
8313
4195
6688
9674
9554
3199
3710
6222
3264
2338
4565
6539
3176
9418
5906
4682
6779
8205
5271
4545
9168
3166
716
2769
6876
5372
4259
3308
2228
3720
809
2128
3017
944
5912
9525
8915
7469
762
4959
5593
373
9737
4815
1547
5246
3393
3708
3043
3136
9094
5610
9504
5542
7730
4197
1346
3377
9223
3564
7988
9624
8834
284
3570
479
1040
9176
5292
5619
9163
4386
4323
2208
2845
57
817
9007
8966
5231
1413
7648
3960
613
7963
9503
8014
2277
3738
2550
6893
507
3687
3071
1091
9698
248
5124
8732
5175
4946
3574
8228
9292
499
486
950
7451
1116
7986
2387
9860
9782
3791
5055
7941
9030
4192
3813
9078
2395
9953
2970
2430
579
3026
1855
8373
9870
4067
1184
2870
6682
2809
4233
8400
3437
6474
3401
1803
4129
7514
1502
850
6666
5139
7536
4400
659
3322
3386
299
1687
6340
4562
6552
8683
9701
2186
8585
360
192
6095
6106
8118
3408
3039
6356
8772
1857
2680
27
7189
2108
443
8139
8116
1630
1838
4666
3400
4196
9697
3033
8322
5428
4105
5261
9763
6635
9096
132
9931
6447
894
2902
3116
7248
6777
4666
6589
7472
8743
7601
4234
1307
6028
7827
6393
9461
6863
3861
8999
8687
3007
7988
5809
8438
3091
8161
6191
4744
302
7768
4346
5587
7633
4910
4319
4892
507
8838
4027
5273
7596
9840
9798
8268
7271
4992
332
4188
7445
4950
2214
2385
2710
3407
3368
1708
4595
8104
2931
4625
9215
5866
5034
9458
5788
5430
6034
4377
3753
4477
2435
9953
5929
5373
1739
9409
4015
7460
3138
1703
7941
7362
4808
3949
8492
3327
2186
2299
3726
8438
5411
1641
3759
7517
4591
4350
9378
514
7515
7354
4024
9571
5352
2028
5539
6202
4303
5873
7736
5635
6334
7018
4691
5964
2752
6264
5317
3064
6123
8551
8760
4111
6051
4804
9891
2486
5708
9548
8344
3910
5885
1715
8731
1276
4687
9630
7582
909
8036
621
5127
6803
6549
1736
2707
2088
9268
8629
6787
3501
1520
3091
9253
7768
7495
5607
8126
553
6550
1952
6947
9687
6635
7929
8150
2411
5963
9882
3645
792
976
1947
2895
1142
346
279
4888
1258
7415
4521
8700
4499
5101
1749
1192
3348
9091
9829
180
2889
7920
3886
1956
7880
1883
5375
8670
4341
6225
5462
3142
2801
2102
8847
1828
7504
946
2089
9111
4982
2172
1207
963
750
1925
5856
1014
1847
6427
9299
7673
7755
2158
9690
1394
3100
9024
762
726
9566
1013
2501
1163
7163
6185
1980
7355
6439
6641
4356
4196
2641
4777
339
2541
7570
5085
1271
179
5525
7763
8388
130
8003
1126
3736
9535
9945
9854
3709
5138
8809
4122
7322
1713
986
4431
7446
6791
8381
154
3546
1043
269
8433
1474
7341
9266
9912
3632
7795
2514
6224
4108
450
6548
2393
8044
7872
4067
9144
9820
5078
4299
8068
9931
9644
8323
6507
6962
4844
982
5233
4625
9944
6736
6152
2791
1367
6370
8171
3021
7450
8930
2532
5536
4141
1635
8046
1450
5865
4508
5572
1052
3735
2007
3816
1866
543
2552
6608
2739
3918
6072
8651
1787
6582
8573
6450
8390
5407
3816
6761
8387
1963
9498
8100
2243
9800
3027
8038
4598
4254
9129
9269
4384
3016
82
2154
3516
8639
7119
7268
1469
3746
7637
380
1597
3394
2328
3875
4676
3450
7845
7351
6103
9771
9453
9476
5706
5109
2458
9944
2963
6147
2927
9967
5085
3485
832
3261
261
4288
5755
5306
5717
2043
8497
9175
6571
5152
2613
2799
5077
9467
3872
1336
5435
990
8479
1385
4312
8554
9466
5830
6518
7963
6865
7302
8278
5211
9716
6293
4553
5014
3887
5654
8062
5437
7057
5392
4809
1540
6040
6986
2092
3446
3195
6673
9108
4168
3220
1125
4866
7723
679
3764
9316
8283
5011
6990
1456
6324
8964
7032
7644
9781
4002
844
4541
8716
1929
8397
2906
5841
854
8776
2141
4031
8651
5573
3478
13
7360
5214
7819
3194
1782
7399
9359
9127
6649
9291
6237
4254
7121
7431
3730
2224
6773
5663
1653
7997
157
4719
4788
6156
562
4989
8684
1355
6548
297
6500
4048
6503
9142
4407
6317
91
4642
4620
9730
7767
9697
1076
1021
5122
2296
2671
5356
3453
3013
9019
6675
736
9052
298
1785
8671
6909
9086
7293
3881
3585
1796
9766
750
322
6571
808
4410
3594
1359
4642
3745
2724
4966
4036
5577
1503
5255
6045
2143
5745
5730
8131
4311
584
527
9308
1203
3468
6103
8745
9951
5296
377
9891
6535
6039
2426
2701
1030
6627
8460
2425
9660
9000
5754
9894
6699
9343
9741
3799
5310
6999
2222
271
5461
2039
1145
3017
4770
5678
4874
3748
6906
1802
4822
8139
760
7159
2760
2370
3236
9840
7719
5036
8139
5329
4977
6506
2283
2125
5415
4734
6733
2875
6788
1293
7648
4187
1514
3283
4190
5207
9131
1425
3869
5364
5841
9905
3236
3336
2138
1242
2487
2549
8388
8751
4834
755
9073
5505
8894
4781
8487
6197
8754
2785
1255
4704
8858
2123
5463
1855
4044
1499
7502
6788
9869
8018
6556
3578
5071
7612
9140
3289
3109
4040
3079
3061
5093
8435
6173
177
3832
6545
6642
2929
1649
4717
3195
1789
727
7817
8788
625
4097
5742
6200
1953
4941
7207
3772
1594
7261
8745
7688
2164
8655
5626
6979
9235
4600
3507
3850
5549
2876
240
2412
9414
2364
4660
2581
5223
8492
8217
165
2861
3248
4325
45
3149
2866
8760
613
3061
1443
8594
2925
5806
4492
3761
3966
7789
3919
7592
5163
8585
8943
1564
5194
936
4569
7288
2393
3778
8061
8688
6094
6838
9373
9954
816
7787
64
8776
731
6126
2739
8858
6276
3051
3806
209
2378
215
2543
1990
1189
426
4037
1049
206
9066
3466
1630
26
3586
7437
2801
2899
7473
6492
5098
2053
3679
7195
5692
1058
971
3011
3831
5203
5007
8202
6909
9452
8677
1306
9522
1723
2499
6705
492
684
9505
981
826
9820
492
6210
2065
6408
1298
2545
5794
2129
2910
5974
8423
1662
7134
1606
7212
254
2079
7011
5210
1769
7130
3366
350
9761
904
8328
3113
4314
2465
4893
3216
5571
4498
8573
4836
3153
1197
1792
9532
6471
5962
2214
6574
1443
2412
4624
1037
4903
8462
1182
8843
1779
8780
4614
9152
7932
1149
3838
2659
1947
8238
8214
9285
4164
6123
6181
8685
3025
8134
5806
9053
3595
4154
2446
4020
805
9608
4517
9741
3781
4992
6959
1269
8335
2125
1582
4634
7631
215
5046
702
2323
2476
8996
6283
1891
2136
5340
1952
3326
7232
2990
1034
162
6911
291
782
295
9448
9962
7282
4489
7706
5770
3115
6129
9697
4323
4737
7407
4377
165
3951
3797
1246
5788
2487
3651
4159
5111
6051
6154
2608
9267
3509
5375
3711
6409
287
7983
4174
7953
1967
5929
7455
386
4114
77
7278
8535
4314
6879
6248
2287
6922
3703
7689
8928
1710
1320
5699
569
5191
2602
9258
1763
6308
5351
9917
84
1148
95
6239
2400
7176
345
6995
9995
9470
9430
6614
1856
4839
1667
5686
8647
7330
2955
1025
6678
2034
3110
4744
3319
2274
4883
178
2962
9273
9405
925
4263
4329
3101
4159
8714
3441
7275
5610
2363
850
1426
4158
208
8366
7376
9113
4258
3324
1126
9994
5297
2104
8450
1283
9061
5720
2551
1356
6786
922
1974
6563
6950
4009
3643
5217
1251
5470
294
8377
9620
5458
4660
8714
2909
4450
3897
9860
9971
6955
5692
2295
5845
1637
1152
2950
9574
6364
2891
4699
5160
7465
1732
6628
9575
2896
7086
5339
2031
2291
6587
7555
4666
5139
5647
6046
1482
1318
1347
5164
8560
4084
929
2925
4806
8539
9043
7496
1887
8691
9171
1668
6617
3212
4590
8307
7116
8403
6746
8639
9858
6116
272
5916
2963
7209
7816
7805
1691
8256
9025
7843
8874
6874
985
7696
1561
7552
9055
5258
9028
368
354
5659
7960
8630
5766
5812
7226
3398
2675
4834
5057
7845
5721
3017
6945
8023
3684
9309
6709
4802
727
6383
4376
4610
8952
9172
8736
2791
9849
3746
2552
6248
1262
6035
9865
3434
5616
12
4500
5116
5469
9288
8254
1290
6505
9885
1112
2865
405
8800
5130
8594
7418
8884
5148
6976
1874
2509
1169
5331
6116
6947
304
5951
6074
4562
6480
990
7376
5678
1167
7578
3531
8084
9503
7815
8948
8412
3390
8573
3920
8394
4848
5427
6381
5284
2523
4838
4587
5342
575
7658
5828
4849
7712
8744
5113
2538
4369
8549
411
2510
223
8643
3347
7499
5783
1328
2111
1866
3637
4236
121
2865
5290
6073
3141
7237
8137
7147
2198
6764
9646
6542
6718
6752
6203
8359
1201
1280
7217
4339
9972
7297
2151
1515
8744
5921
7082
5577
3325
1996
2897
5588
8260
2679
9164
4503
8101
9770
5465
1553
3977
3995
2802
5621
9909
2085
7862
5921
228
2360
8242
4139
6928
6201
7740
5352
6813
2746
7340
4630
3810
4421
8856
2057
2325
5138
1754
5571
417
6135
2272
460
6134
847
9071
4642
4798
4195
2613
4825
8599
6725
9066
3763
6834
76
18
315
4583
8906
7490
4588
3491
745
7564
4670
2767
7747
6888
448
238
6209
4593
3377
7651
3883
810
8280
7436
6927
6235
1716
8543
3453
6412
3726
8031
846
2284
9035
7883
6132
6062
7661
1299
7069
433
9464
3496
641
4107
4226
63
9019
689
7396
8642
2133
8069
813
6387
4299
5501
358
2990
6562
2556
4416
2602
2545
1487
8041
1771
7037
8374
190
9271
979
205
3499
162
7711
7093
1277
2585
9769
8420
3160
4600
2863
8806
4004
5048
9325
1311
9970
1033
7817
6190
6157
2023
6395
7823
1836
5052
3801
7741
5731
8482
5073
5825
2729
1827
7472
6956
5605
9535
9920
4350
6258
3993
7006
4864
8017
6719
4040
9892
5261
3892
2053
6342
713
1899
3103
2383
7878
9058
5916
7975
2209
7833
3419
4548
729
4045
2905
8531
1534
4182
4723
9922
3029
9977
3605
8263
1080
5194
6913
241
234
5106
508
7401
5800
1385
146
8324
3387
513
6666
7096
7530
1967
7251
1048
1965
613
9950
1534
1276
3072
7334
9364
1925
2636
3786
7728
413
2831
8763
5033
862
7593
3712
970
1982
7238
7223
4546
1184
5021
3814
4084
2228
6632
95
2818
4041
4160
386
2978
4723
6964
4845
1962
7528
2758
8335
5645
7188
4946
1466
4129
3420
332
7926
2476
1759
2421
4802
6540
9096
9225
229
2256
5025
8585
5635
3654
7330
2560
2683
7137
2343
2627
1021
2406
2687
7898
1161
7972
177
6150
578
7901
9801
6510
7618
8133
5375
6762
6375
9879
1240
763
9531
2158
6247
8341
7713
5047
9916
2442
5211
2192
2188
5860
953
5517
625
9854
2715
6327
2488
4095
3576
8689
8488
4949
4055
4889
7186
6634
2859
7094
1924
661
2491
5556
5224
3952
1455
1210
6154
9458
4727
9012
7302
8888
2293
4450
8927
7380
6587
1276
6045
8674
1071
3840
6286
2035
1835
5322
4156
8440
3408
8142
1423
1645
5883
4341
6362
1151
4496
2946
6208
5515
2755
7552
889
7093
2181
5162
9728
8306
8763
3206
9156
5922
9995
4991
5454
589
6928
8237
6674
5849
4732
8851
3438
645
8301
5253
2847
9110
7576
564
5427
9259
9938
6216
9050
4030
8862
713
2726
2426
4656
8041
65
8324
7872
3649
5501
3831
907
5959
6086
7872
9651
1065
4420
6402
7622
7513
8077
8103
780
9284
4695
9861
6410
3424
459
4568
9939
4530
2629
9329
6910
6090
9000
7931
131
5596
8366
9797
335
9211
5501
1
4024
9011
7413
1273
1786
9091
262
5368
2655
5446
3455
4876
9309
3085
4561
9158
3433
8922
9314
395
5561
1947
8909
2363
1079
8881
4742
7339
9506
4109
5419
9713
2111
70
1287
1644
6620
3193
160
1101
6869
2637
4528
5190
4431
4977
9280
5405
7362
2677
2528
572
8036
2130
228
793
9808
2535
137
1629
1174
7681
1685
435
7468
8117
1771
9984
2530
4189
4686
2777
4450
7550
4301
1189
5030
802
7373
4288
5780
8374
2020
2312
693
3890
5153
9160
2467
624
8298
3007
9696
5499
6637
956
2403
8566
8840
3608
4446
9301
1891
3008
3563
1292
6603
6030
1221
9731
9594
7331
7794
6898
7618
2931
2766
3391
1481
8205
403
1617
989
2757
1220
2303
4216
4927
8377
5978
8591
9546
8069
8788
3589
1383
2163
1372
3837
9317
5471
5160
9084
6667
2225
9085
1085
6961
9283
605
4062
8843
4676
1213
6759
9266
1814
5810
6507
6881
5777
6088
1479
4489
7482
1887
6631
4305
4542
1714
2488
8686
4233
7189
6344
5099
2419
9034
6169
5445
6266
8160
421
358
2667
7769
9708
3132
7113
6087
4232
5509
1120
6738
8690
3416
2707
7608
6429
7875
2513
5361
607
6397
5654
894
8128
1768
6830
7262
6780
6709
421
7725
6690
3235
1306
9433
6431
8997
850
5409
3285
7103
7272
1469
4868
4253
1330
9524
6299
7952
9663
8734
9671
5590
9788
4919
8698
5109
566
6461
9703
7587
8425
4934
1354
213
4039
5632
4725
8914
2197
7462
3316
852
4623
4732
8994
2138
2780
824
1877
428
6604
7629
1940
733
9469
4917
2280
9654
2701
4394
1808
725
6922
97
6607
225
3462
7571
4113
2568
2806
6762
2363
9703
9865
8804
6063
1493
1397
8759
6766
7868
2812
8546
2313
3141
862
7307
5184
944
2809
1162
843
6925
6828
4609
9287
6906
2409
9430
4487
5369
3736
7679
12
380
5848
2329
8000
528
4592
8549
5020
4467
532
1632
154
6100
2915
589
7364
6982
1357
8192
4491
5328
5522
6794
6708
5396
5190
7628
1981
2474
8305
7210
4589
9912
7042
8799
6185
6128
5475
3030
9570
5622
8791
6251
5612
588
5664
8863
5274
2525
2158
1602
8309
2290
6994
2640
6668
2900
4432
9979
4020
671
1171
6400
8193
2126
7946
6665
7677
7657
5968
5278
9124
280
4073
57
5091
9667
5433
1013
5237
1544
8559
8098
1100
8087
6222
7719
7761
7405
9147
8308
3251
5371
4418
7396
3739
8899
6292
6555
1424
8431
9804
8050
8310
3438
