4205
1024
1211
160
4270
1796
2515
1809
1022
532
1583
61
4338
4996
3090
3378
2419
534
4889
3690
3246
716
4495
2500
324
1170
3574
726
3405
3111
659
334
404
5
3124
1120
1126
3534
2161
201
2061
2542
4005
3147
2956
4760
4383
1
3398
1736
897
1426
1735
4312
2028
1562
2686
2926
2254
3572
3125
4971
89
716
2735
2374
1865
1136
3965
4598
2954
3031
141
4127
2076
4202
848
4259
2676
2783
191
4610
2760
2780
3689
1244
4198
2448
3594
3971
3089
3261
675
558
2482
1298
3195
4184
991
605
3447
72
4994
4670
299
2281
649
1134
2701
4281
837
446
1946
1670
3033
1396
1151
3220
4145
400
1822
3236
3404
4213
4355
4127
3816
1220
4818
2704
3537
170
3159
3791
3093
1305
3026
2857
2263
1036
2629
141
1566
3771
2211
2849
2129
2415
4110
1771
217
2271
1925
4717
1211
3769
4897
1839
4304
2765
298
952
1563
579
4618
3031
439
445
4286
4827
3370
4694
4437
3235
3122
4858
3694
1560
1955
719
2658
158
4026
4945
2091
521
521
2564
3344
3741
4854
1050
2870
3045
1986
4244
4812
4845
4140
2365
1307
1755
1959
2475
1696
3064
3807
678
3784
717
2291
2491
1791
1608
1295
3914
156
4870
2210
1498
1557
4402
1310
135
4690
4
3609
3186
408
4365
2303
863
29
134
2586
4588
3251
1424
535
3685
4948
142
3742
124
3656
4774
438
309
2061
3983
3202
1176
2163
3949
1532
4400
1946
3255
853
976
1395
1106
2870
1485
4273
2630
510
3807
4362
4774
1704
2113
3597
269
2887
1528
274
1468
4993
384
3064
440
670
3345
1007
2224
2140
1472
4347
364
3145
4307
1793
3056
867
2717
4265
4960
3775
3383
32
3903
1852
991
4777
4000
3067
3602
2352
4317
2446
1021
3163
1669
3610
2105
4045
1575
3914
829
4455
3045
321
4373
1685
2541
2012
2752
4187
3617
210
1056
4642
1230
1024
4195
724
4449
4381
1038
4391
349
4887
2416
1209
1962
2265
4412
512
4671
3210
2057
996
2816
730
3420
1732
3386
3251
173
2186
4107
3314
4215
2156
4463
4168
3560
2952
1782
10
4712
1419
4089
1721
3959
3230
3618
335
2519
1765
2155
807
1625
4301
4871
3175
155
354
2166
1133
3855
354
868
3067
198
466
4784
3880
4579
3346
4057
2285
1341
4311
3748
2328
924
806
3507
3144
4485
2744
1816
2055
664
4782
3248
213
1679
4338
1274
1582
1777
1359
1334
1034
4108
2791
434
4004
1320
2295
2160
618
968
3912
4764
3881
4908
941
3624
2369
3386
1532
4354
3628
724
1659
3678
2991
1578
2529
4197
4794
3128
3966
2631
2810
2698
255
788
4408
227
4882
630
406
4646
626
4130
1005
4947
2752
3550
1598
2707
2766
3364
3883
127
785
556
1089
890
4826
1664
1133
1600
337
2417
48
1726
3944
280
3376
3680
2903
278
2028
4665
104
196
2899
2909
4833
959
338
1907
3730
1107
4288
4246
2594
2016
3368
1579
3323
4186
1611
4276
1694
3706
4415
195
428
1058
2120
1898
3994
1174
4064
2151
2520
142
2286
518
1614
792
1561
1286
2003
2954
4984
1789
4156
1813
3535
2471
4158
4933
311
3066
1696
596
723
4405
3943
4687
2315
2311
2807
241
3367
1795
4819
2915
754
3225
3218
309
400
2024
390
4918
885
3648
1474
262
4299
2180
4751
4941
991
3484
3715
3109
4289
920
2983
3250
759
97
779
1930
2053
3954
3736
1616
2546
3139
2833
914
1506
1054
2047
4858
155
58
1168
1049
2183
2309
4459
4615
2382
4223
3819
1456
980
4081
3126
584
2174
3364
1184
1623
3644
3350
2849
3224
12
4744
1775
3571
4603
35
2761
4066
2816
728
242
2617
519
3462
3846
655
4967
14
68
2649
2033
4859
4288
205
4829
1390
1308
1283
3027
2566
274
2776
1690
771
1649
1524
4368
3883
4505
1996
4295
2870
228
2602
272
1132
900
3880
519
1095
1171
2899
3851
4259
26
3644
1320
3841
4490
546
419
3355
1761
2051
1113
3010
3537
2018
2964
571
1955
2841
596
3552
2123
2792
110
4386
1400
182
4051
4204
3210
1412
2039
2931
1792
1145
2979
2530
3342
2232
4698
2346
4535
4190
5
3543
2661
3023
4612
477
1226
4328
3002
3065
3401
4015
123
4844
1230
3726
1765
186
1143
503
3248
1001
246
3993
2154
221
4732
3009
1683
1456
2787
4580
971
4983
1416
1264
4699
792
1987
1867
2383
1390
4068
2779
1965
343
1900
1108
1298
4477
253
3872
1130
3441
1927
144
1
2246
3640
4297
291
3905
783
2266
2157
3558
4638
1194
1742
1909
1377
4638
2341
1492
191
3912
1944
3886
4892
3043
2550
4193
2912
2963
2938
781
3520
1081
2148
4360
1895
3732
4189
2375
3568
4387
1535
3767
955
1615
1720
1434
3602
2862
489
4764
4174
4826
2167
3101
4099
2144
1340
3513
1932
2547
635
379
2701
4145
4335
1648
4964
3758
2670
4000
3818
732
2623
3727
955
1780
2429
2345
3496
1990
2215
3445
3997
373
2478
4576
4916
926
826
794
4758
622
3601
2886
1705
2563
3221
2594
1330
4427
2969
319
2752
377
4816
194
1035
3502
746
529
4543
3091
1219
449
4065
1621
3146
2884
4124
4962
1275
1144
3432
3879
3553
346
2481
1364
4
682
4391
1031
1266
1768
1263
1141
2054
4812
2173
4903
2610
3355
3036
3801
4305
3598
2316
1982
3750
4356
1023
3559
4770
2487
4336
2210
3222
4908
1728
47
1366
2516
710
406
2430
1608
3211
4908
3268
4913
4799
4245
4977
3981
3035
1003
1309
917
4484
4148
4710
140
576
586
3813
1403
3825
1771
1157
1327
1707
2081
3241
2115
1612
3140
3976
3153
1767
1043
2640
2020
3708
4570
3732
4402
3952
3414
2675
3317
428
3435
3127
4008
4293
2414
1734
4495
4047
318
3673
2919
2694
4805
1495
1196
2483
4325
3645
4970
1984
4854
3396
3555
2184
188
1679
3814
4750
3853
2295
4001
3152
991
4093
3093
1759
880
1347
1424
2366
4343
223
896
4445
2512
4485
3867
9
2510
4024
3956
4113
3208
2237
3872
1176
3566
3028
4790
770
3996
1236
1068
716
1653
242
2022
3029
2547
126
2242
1907
3483
1986
4727
3363
342
4831
4196
3465
4081
2142
2341
2207
2494
2967
1055
374
2171
3378
165
407
3408
4312
507
3125
4367
2852
1744
305
3932
1332
2080
4760
2540
510
63
29
4185
1705
3066
2183
1667
3273
2032
4950
4675
1974
2382
3944
3025
1586
4223
234
1997
1717
610
885
3618
2935
1341
3719
735
1129
1624
1851
4431
1056
1340
1078
2224
1399
203
3711
2560
3496
169
4882
2860
4678
2831
448
1787
2274
408
2807
1214
808
4765
4234
1659
3342
3187
877
607
4473
1820
335
1816
4635
3299
3739
173
4757
4665
3805
2509
2268
3924
2966
2796
3547
2399
948
2260
1446
4277
3321
160
4710
519
1455
2964
4645
2845
4669
2888
520
4657
488
1283
3684
3935
2424
4236
1126
920
2933
1828
3355
1910
1679
1992
601
386
71
3138
3264
4329
3014
4358
1057
4061
3271
2866
2841
1496
675
1751
3281
3307
2834
2165
1150
964
2977
754
1880
4206
2316
531
777
242
200
2059
540
2260
2421
160
903
4432
999
4157
814
4211
393
986
4477
1630
3781
1312
858
4685
2465
3440
3213
1607
3977
3683
2213
237
660
644
2561
3453
830
570
4431
664
203
4162
2468
2367
563
2969
1689
3717
2254
3022
3198
806
1260
1038
734
3141
2657
4329
4350
2106
2052
4178
3995
3675
307
4565
3303
3705
2101
64
2008
3595
3883
4131
4373
777
772
3780
3510
1287
547
2756
1823
3665
4015
2997
2424
4797
807
1085
2100
4755
1136
3012
412
1882
956
1824
3992
2972
2169
3994
3297
1722
4075
4265
2894
722
119
1453
1848
4292
4077
3758
4084
2428
1288
3179
2005
730
3534
4358
4588
3710
4247
1036
3557
2438
1044
4187
2399
1754
2549
1172
2919
4222
1046
2383
873
2510
2911
46
773
2489
4751
906
4602
1596
3404
2761
3586
3503
1402
65
2209
3309
2054
1943
1514
1765
3869
3344
4512
4405
781
4729
3183
2014
320
1529
325
4666
2153
2819
736
3890
309
4306
3516
2468
2047
4406
361
4426
3343
291
847
2078
720
904
1087
3569
3668
3573
56
67
1143
1597
2267
3420
629
3339
2059
1121
3825
3617
180
1115
1427
3972
3007
529
980
2955
2615
1333
1513
3222
75
1396
4234
3620
4216
4223
1030
3060
2290
1959
1581
2317
2024
1541
121
4057
4865
471
3186
1740
1342
3135
3669
4483
2526
350
1480
3047
3952
2629
1796
1240
2880
2148
4800
1246
4905
4315
3254
195
3251
4701
1404
829
2626
293
1681
2447
3883
2769
1817
4679
1939
1147
1111
2002
1861
4303
911
4779
2176
1446
2445
2627
3619
632
4341
323
1726
777
816
2045
974
3522
1135
1608
4252
2552
2575
2113
2708
2306
586
2047
4821
651
350
215
2913
1904
1548
2646
1642
2692
2551
493
607
4750
2310
3582
1778
3836
128
2389
400
1081
4883
714
2796
3985
4033
715
104
3878
3632
3183
3521
3195
1996
1317
2005
2149
4308
1578
2020
4938
4877
3553
1528
4321
3383
4276
4691
1841
1178
185
2076
4294
412
129
3957
1974
1906
1298
2740
3281
1928
4731
635
2975
1615
2407
4150
539
962
307
1225
2901
1357
882
3483
1806
1739
2457
3075
4964
1747
3932
1430
2957
1189
3294
538
4401
94
2400
1179
2104
686
9
4927
2154
1922
51
2719
4501
2483
1566
2596
3281
1059
3534
3556
3920
3879
592
4504
1777
4333
2290
435
3371
731
1247
3009
1239
2761
4746
4601
3230
2973
3746
4921
1449
1593
3884
4844
3096
1539
2583
2067
2266
1
3360
4021
3651
1798
3837
756
1059
3310
1135
3766
2283
2570
4008
2036
1003
3368
4012
4187
1455
3786
3221
3380
2264
3041
1094
1282
118
990
4305
920
3563
2908
2755
1724
59
926
2069
1292
2016
4657
510
2076
4610
4685
2020
3752
539
2493
1650
1708
4816
3313
1643
2054
3555
572
1837
4173
133
999
2808
968
3506
3569
4725
333
109
305
2260
3588
1890
1994
2485
4224
2290
3873
816
106
2657
3830
185
4897
619
2541
2811
2178
2541
1040
4989
2631
4665
2403
1601
1007
49
4147
345
691
4892
243
2741
2696
2934
4661
383
3382
2865
2970
1824
2604
1826
38
3171
4781
2191
3059
2198
2131
3796
4336
4834
1518
4964
1141
3000
817
476
4326
1547
1474
52
4914
1052
3612
2719
3446
1088
3171
538
843
2471
1835
9
1921
3149
1277
4373
4198
2427
4502
826
1632
3216
1278
2772
2722
3512
3330
1241
2110
3879
2943
1826
2007
4903
1388
1507
658
3316
1594
2906
777
3785
3211
2188
1371
2372
2507
3395
1668
2468
3416
2795
1452
1555
1490
4820
3286
1126
974
690
1751
2009
1813
240
4641
1303
3236
2956
4196
3959
544
4227
1904
3107
1727
4453
4800
3538
4678
83
1638
1349
4099
629
1192
2511
1310
4384
1388
4717
313
565
3462
4261
2872
2804
1130
1650
2023
7
559
3101
4456
715
2803
2128
3229
433
749
885
3783
964
1859
2643
1644
3658
2544
4216
2271
4413
2457
770
863
100
533
3951
2253
4002
2959
2556
3523
3824
4969
3050
4534
1958
4503
3157
1704
4220
813
4927
1117
2831
4981
1282
2671
656
3185
3210
672
2702
1265
48
3963
2011
2834
4347
152
2572
3860
864
4642
482
4069
1043
4831
3822
111
1246
659
938
2859
2150
3849
618
3505
3989
4704
3297
478
481
1517
2167
4648
4284
419
2848
3248
4893
3723
3656
3844
4011
818
2075
3984
2722
4838
3977
4792
358
2420
2742
4861
3756
3337
496
1402
560
2914
2529
626
1617
4747
2349
3721
2281
3601
3997
1307
241
1445
4665
292
2681
1685
685
3660
2532
2584
4298
1966
4050
149
701
71
1255
1872
453
3838
1464
2003
1558
380
4118
2886
1010
1344
628
3210
1935
711
3251
1575
2372
751
692
504
2597
1679
1237
3704
3062
3909
4781
3203
755
2403
1513
675
1110
1678
473
854
786
1221
2061
4760
1029
4491
304
1258
3722
2688
1207
3031
3316
2386
3003
3623
1318
236
353
2906
95
1280
2331
4802
2316
4518
1760
389
1582
4105
3078
30
4378
4890
1976
1047
79
4156
4938
62
3090
3243
593
2249
1653
433
120
4102
2598
4887
61
2763
235
3940
3425
1142
2836
3405
127
2539
1657
2361
3180
4753
2426
2872
3380
3183
2093
4231
1974
1640
2314
3003
2789
567
1803
64
2391
2801
2439
932
4435
2190
3926
1508
3291
4307
14
827
4657
120
2667
3899
4206
1249
3790
601
517
4507
1388
1162
4951
3996
2255
139
2919
2199
3131
1850
1653
4852
2926
2447
1232
2664
586
1158
724
1493
1735
51
2860
1040
2249
4554
673
755
4137
771
3216
2071
856
2559
1401
1640
1013
4001
1788
2181
2943
4691
454
4538
2935
2012
1977
4124
4125
683
905
4920
1347
3259
2019
288
3334
1395
656
1075
1952
3649
31
2976
659
2418
2393
2039
344
464
2446
36
1526
2345
2693
2449
302
3088
784
4558
4050
4626
3606
352
4038
3879
993
4411
3918
3322
4112
3493
4615
4199
376
4481
3979
4481
2155
4429
2324
4885
2962
592
3321
654
614
3203
2398
381
4434
1979
1301
1077
4149
4416
1003
137
484
262
526
4507
3460
1709
2578
2569
1229
2423
4867
2190
1234
3333
3492
1642
1116
1862
4206
1495
3495
990
3292
4625
4292
4671
3459
3961
1525
1478
4023
3415
1543
4164
153
177
2313
2199
1317
436
4188
1389
3431
853
555
3901
1949
4525
1241
201
4784
3367
921
2436
2428
471
4064
4644
4135
2761
4784
2956
534
3347
1734
3993
2795
240
523
527
1787
306
335
623
4484
3163
1841
63
43
185
3803
2406
1787
2755
602
530
3130
1372
4820
2608
4445
2594
4706
4847
740
4083
357
3570
1512
3366
613
3672
3249
4329
4100
338
2293
3396
3400
584
2306
1769
1728
3328
1316
2671
1990
340
737
818
435
2087
2442
2800
2400
804
1829
2290
1448
3482
3077
4029
3235
2496
4059
3356
2509
4977
4614
3620
4166
1452
4925
3052
1346
3132
2349
2782
376
3614
4215
2454
3944
460
2609
2231
998
301
1804
1316
3419
2054
3453
4890
770
1033
2253
791
856
1073
2827
214
4852
1159
4522
4491
4551
3716
61
4021
45
3292
222
69
2441
507
4798
226
4975
3719
1366
214
658
1801
2916
4968
3190
4985
3970
1950
111
2997
4057
2119
1025
2861
3459
4795
4633
4783
4677
1664
1008
2306
4587
4698
1520
3873
3765
2525
4583
1566
3647
1338
417
2792
1007
3964
714
3514
319
2134
3864
65
875
747
4223
1594
2700
2657
750
4062
2851
58
334
660
833
2553
3403
1921
2483
166
4259
206
3219
2686
2476
4325
3009
4266
1434
3353
3968
209
654
2890
1509
2437
3106
2554
667
207
2704
3135
2946
3656
579
3837
2182
470
1237
2975
3475
1015
1015
2138
1733
1100
4223
2983
3430
1805
3027
274
2289
2797
1365
2027
340
4466
1439
2545
578
19
4485
934
2166
4566
641
971
1292
293
3554
4248
1633
2940
46
2376
4187
3458
3382
3583
602
3658
1601
2049
4822
1669
1480
873
1322
2245
425
4378
2447
992
4472
1606
4083
4239
2783
1224
4016
2794
4909
4744
2761
1379
3157
2075
3983
4539
2637
1923
170
3677
2055
2834
4050
3101
1101
855
2518
3187
2605
3907
2611
3194
2508
1827
3950
2624
175
3866
2782
2162
2492
3665
3600
1366
1975
2318
3213
4356
17
1367
1865
2033
4634
3505
1034
849
2655
1281
3009
1352
4159
950
3461
2126
535
2882
1986
1733
3981
3035
2505
3264
3098
3986
2577
2081
1281
2046
4571
687
2932
2158
1523
3739
565
1250
4762
2557
3130
3372
1057
1056
2290
1097
4216
582
492
3670
524
1393
1662
1200
3022
4072
4723
572
2984
4914
3198
2896
3347
666
2699
404
1517
670
4557
520
414
606
1706
4356
3289
1670
330
2214
3783
1704
4430
3355
350
3881
2638
1773
1345
1678
2987
3885
2290
4571
4891
3718
2419
807
1234
318
4537
4328
845
1481
1881
38
3259
747
4997
31
1316
2778
3327
2327
2435
3182
3334
3033
2064
1358
4902
3598
2174
1065
4818
3712
1843
1885
2445
1908
1342
4239
3910
4395
4210
4687
1313
931
1449
4935
4713
4982
1708
4505
3612
1295
326
226
4120
2236
4545
2639
545
4836
3528
1106
3676
3743
51
1161
2221
1980
3897
99
493
1683
80
4744
2504
2024
1736
412
4074
1288
2229
4911
1113
2004
707
3020
398
1367
2436
4884
77
2941
2501
3374
3476
1418
2854
3246
193
4051
2144
2487
300
4581
4602
190
371
2721
1148
3957
1835
1625
1020
4176
3500
442
3390
3167
2790
4621
846
4273
4128
1651
3385
329
1231
261
1273
3464
1115
3358
592
3039
3573
2589
4212
3590
2917
4186
809
654
473
1588
2148
4768
2119
1109
3627
4368
1819
276
3170
1025
372
1188
4248
4278
1280
4685
3040
2546
4288
4399
2091
2541
4991
3895
1115
4460
1580
3808
3867
3028
2470
487
82
3890
1431
1546
2014
4194
2329
3637
1028
4338
101
1059
1958
4417
4339
2846
4726
4730
1124
1980
2911
2903
987
2742
4611
4844
4474
1461
1590
3010
8
2851
1817
988
2336
2572
4499
1385
4461
295
4738
3838
4553
2340
215
3303
3285
980
4327
4242
1043
1984
4358
2593
783
2063
4687
4746
3556
1847
4862
4508
2578
4919
2134
1720
1629
4302
6
1562
1658
948
4126
1962
3226
716
4559
372
3057
4178
592
4048
760
4503
2398
3294
3590
3861
2403
1562
4557
3217
2495
3679
2057
3997
2988
3884
2932
3415
3443
88
236
3017
2996
2851
614
2101
794
2314
4059
3109
1045
686
1088
629
3689
570
3700
142
1596
1943
1371
4879
1293
3447
704
1449
1440
1970
3871
648
638
4703
1391
2073
2177
1219
4510
381
2149
2135
4807
2305
809
4073
239
4838
3805
2914
4054
3475
3318
3735
3744
2445
2525
4502
4859
1401
2125
2319
4203
94
3123
28
1656
4922
1216
2343
2609
4079
2274
1543
242
617
945
286
993
2926
2277
3985
3503
4467
3356
2101
1057
3744
1905
3538
3734
2927
152
3799
595
2782
662
1707
1202
4389
3662
3907
3506
3382
2798
2020
639
666
3656
119
2610
4058
1708
1348
2555
2912
3435
2076
4538
50
3286
4439
4030
4855
2189
430
717
690
2403
2831
1946
1713
1807
4243
1932
2049
4829
997
1314
4383
1067
1577
2957
4309
1424
2990
646
39
86
313
4615
409
856
4000
1814
407
3791
4408
2915
3176
239
3780
386
96
2438
1210
3276
2233
1492
2635
2800
4029
1149
967
791
2563
996
747
2709
4315
3962
3249
2651
3975
1396
1425
1578
4849
2754
4441
1146
3011
1732
158
1064
3159
2871
1526
4214
3387
2117
2372
1812
656
2883
2263
548
1960
1139
4752
915
4409
4522
4054
932
3562
1932
591
4982
3121
4523
1653
494
4831
3367
1442
2991
97
1639
2490
2221
972
3821
132
2818
2099
3976
3436
528
4104
843
192
2604
3701
1107
4125
4324
3558
3678
3381
4351
4405
1862
799
1178
4016
4844
4076
1700
3307
3106
641
2015
1398
3793
3230
2974
2068
929
2817
3462
711
3623
2392
1909
3426
4920
4298
727
4173
1492
256
4504
2191
2526
1349
3972
2163
4104
279
1969
3793
4443
2281
1814
4495
3963
3366
493
2812
305
3252
1955
1130
2843
555
3097
1558
4974
4248
1723
4532
1388
1483
4877
3187
4720
225
4638
4747
4213
3191
764
2558
2478
1324
3423
3682
169
3841
842
786
4237
991
4955
3779
91
2125
3556
1002
889
677
242
200
856
2490
4035
4711
1087
4009
2485
3619
3408
1248
721
3432
2905
503
654
1779
2085
2618
1913
880
1193
3608
1674
4688
43
3923
2018
21
3427
4212
3441
620
4942
4754
1229
2516
2783
4967
3756
2513
1870
783
2210
3352
2061
3958
4806
879
3317
3725
4727
3115
1384
2241
3964
1836
4735
376
3312
2497
3115
4024
1652
1276
136
2694
4535
1049
2494
3024
3857
208
833
560
3125
2077
3785
1285
3084
3792
2668
575
3918
1558
4326
3807
3844
3891
3251
2049
3353
3946
4291
3591
3071
4540
3612
3811
2797
3184
2526
2376
1582
764
2495
4126
1701
2713
2070
4864
3532
2268
1789
4788
4836
822
2800
1062
1655
162
3779
1801
1609
1438
3727
2811
341
3352
3388
3068
2796
758
907
1875
4888
882
1306
2213
23
2488
4211
2699
4258
430
3326
4230
2589
4663
850
994
4489
1291
2307
3948
4621
3023
2797
3850
1524
3588
2078
3629
2927
815
2690
2637
3667
1748
2952
2546
2605
704
2986
1426
658
4986
4362
1971
3107
3508
2647
3647
1598
1708
4095
4167
3880
4193
1494
4814
2142
2501
3325
491
2642
3990
2774
3194
2834
2888
4179
1048
4845
4211
2439
1056
39
660
3604
4983
3588
570
2283
4272
4953
928
4211
4821
3822
1554
2368
804
2431
4365
3709
1409
4218
4152
3940
4573
1355
1441
3553
1811
3842
4669
1359
3667
3710
96
1170
4165
2116
405
3892
3339
4615
2963
307
3611
3771
4868
1711
3616
2021
2330
2345
2484
1226
4232
1935
3740
4816
1683
357
4408
441
1036
4933
2877
3891
1282
623
2769
2069
2944
523
4203
1141
4177
2163
476
4052
507
782
4350
346
1935
823
223
2982
76
1588
4794
294
2146
2530
1722
1349
2346
4110
3092
258
391
4279
2496
3141
4032
3767
2411
780
2894
2119
2285
3756
37
4170
3322
3555
4072
4610
2726
3402
1957
2807
1642
713
810
54
3366
1530
1803
3950
1954
2255
250
101
2989
4303
3729
4289
4969
3795
4214
1867
369
919
2364
4126
3695
2556
2730
2502
54
2723
3586
4771
1673
1492
3304
1012
2319
1804
4276
3864
3788
629
2879
1047
1301
1087
4766
4728
1103
4612
2934
540
3140
4762
2636
279
2011
793
1767
4303
1139
1204
125
956
4956
3860
1879
400
4857
1592
97
496
3142
961
4546
1536
2459
4002
940
1893
2178
509
3153
4156
3315
2631
1746
2488
672
4518
3773
1137
2863
1769
1939
3295
4437
173
3746
2021
1001
2809
2270
1011
2556
1135
2055
3412
947
2075
1319
3215
2166
3079
3154
1904
1161
365
410
558
2740
494
119
3992
2168
2743
63
3520
321
4419
4375
1777
2843
3907
2278
1445
306
675
738
2935
458
4422
4130
3976
4559
937
623
2709
1002
4645
3448
3853
441
4846
521
1247
1266
872
3750
2698
4500
2434
2849
1335
561
603
2414
2633
4668
2672
1384
1189
1979
3295
2130
956
3489
4382
4076
1053
2803
541
271
4527
3820
3930
967
1197
752
4451
1092
250
4697
4189
1117
899
1858
1619
4538
2556
3285
3
1979
1874
3267
4619
2115
2280
3048
225
3683
4853
4711
3871
828
795
3922
3517
3853
971
3662
4017
2661
3859
3134
3089
1909
4657
1775
4361
4821
1385
2579
1176
2577
3586
2061
1077
4024
2847
407
3719
4257
290
4867
4978
3035
2323
3941
4189
1615
334
1481
3160
3228
4402
3550
3154
831
3029
3646
2897
868
2821
4961
1947
381
2465
2981
2969
3910
974
3492
2396
331
2870
1874
151
2015
2555
730
2740
2442
2290
4740
3250
1909
290
4636
2804
4005
1243
962
2629
4818
4483
3922
752
4307
2163
2352
804
3128
2377
2450
1604
2044
3031
4409
3116
3253
872
1972
207
2721
2867
4627
1926
2686
3720
350
3827
4893
2415
2944
4171
588
3368
3691
186
3952
4181
3873
2953
2876
1307
4324
1010
3536
2151
4211
1340
1480
1670
4785
1034
4271
4757
1483
3613
233
2279
814
3706
722
2901
2107
4310
4518
2527
4873
2838
3310
4577
4925
2212
356
3089
583
507
4979
4996
380
227
4013
4632
268
3192
2906
2964
248
1229
2355
2332
3754
2318
1328
2153
2288
3475
1788
1869
3022
4112
1331
1996
2495
2553
1236
4342
2440
323
1577
1089
705
3902
3472
1515
16
4166
4478
3900
3204
4793
559
4242
980
4155
3428
2551
4482
4757
1777
1661
3487
3868
4922
1122
4611
2893
4145
4070
3081
4590
1615
4273
4829
3872
1709
2234
1291
1537
1717
3122
4678
2565
882
4374
409
1805
1072
3739
1917
1856
1082
972
128
4237
3254
4744
46
107
2399
3791
4991
2767
1599
1466
677
2525
1359
3410
2791
2410
2340
416
319
4230
24
3396
4613
2663
466
3289
4702
4400
2642
2462
837
4368
62
1248
1355
951
1418
2706
4590
3580
2215
4335
3252
2617
1307
1750
2738
416
2408
163
1053
4175
916
3655
716
14
1093
3758
2760
3538
1174
2646
2753
2698
2227
727
4711
4582
4189
982
2498
2343
426
4355
1286
3889
180
579
2558
1413
948
400
1203
1948
4955
2043
4530
3006
2965
2828
2528
1256
3898
680
1170
332
2186
570
1717
4387
1197
3876
2878
1621
4684
388
4376
264
2943
4164
992
1767
4836
929
4390
4570
2721
4101
218
3035
182
1608
3161
4161
1090
2617
3539
1837
1752
2899
3553
3658
157
1811
3408
1217
4937
445
669
4050
4576
1950
692
2224
1828
3660
3201
483
3657
3609
3666
4561
2908
2087
1631
30
1521
4309
3519
903
2855
1911
216
4631
1034
4941
4323
4737
742
2458
4633
4092
2666
460
2126
2468
3312
3339
1633
4677
4240
1658
21
4219
660
315
1391
2765
2315
4655
3371
3295
3773
4003
1678
4071
1936
4478
386
1295
117
4111
4970
2145
866
1179
2962
1281
4269
2939
1305
188
2809
3509
3182
1534
1712
1049
1684
4961
3158
3444
2740
217
2805
1849
3605
1405
2458
3115
2883
3392
2732
3559
3417
1853
3964
1918
2180
1553
4021
4721
4501
1842
3834
3445
3522
3462
1526
1894
3259
4558
1804
3183
1596
1657
2843
3575
3243
1925
614
1783
3048
2640
2198
2864
2356
4188
2340
2810
3311
377
830
1888
3282
2741
2893
2007
4310
2295
2825
3236
3247
1825
2058
4173
2000
4211
692
871
388
4427
2333
927
2414
3539
2567
3661
3838
4547
2221
3083
4577
749
2403
1051
1363
144
2982
3646
548
3340
101
4169
1980
2428
4939
1273
4836
3066
2682
1263
3803
1212
1726
3519
129
3220
3531
4602
524
4957
2619
4756
36
4417
2952
2864
181
2872
3706
1503
3281
4610
2126
2439
327
2478
20
4320
3476
3339
987
2154
3268
4691
2963
1770
1117
4648
4822
4683
3049
1998
2124
233
3990
1216
1985
1697
963
1631
1381
2733
3609
2101
2945
668
4371
3832
3065
4957
788
3402
3522
2947
1252
541
3048
4644
4046
3211
4316
1580
241
1723
2778
2759
4097
1848
2475
788
41
2747
3915
1085
816
857
2352
4962
2501
1384
1261
2805
3888
266
2251
3136
2790
2460
2035
826
2432
3937
3042
1281
3473
695
4353
3066
3282
379
1704
1836
2468
4816
1471
1122
617
2442
2025
1023
2952
73
981
2227
755
1017
490
3996
526
238
2766
2616
423
3453
243
3134
2916
790
1119
3349
2525
4654
1774
1012
2519
4168
3798
2121
4410
4139
4375
885
4296
2111
429
1268
1611
2649
499
3826
2017
4014
1310
2857
494
1220
2771
376
3063
3892
350
805
2438
1020
1560
3074
1967
3265
227
1445
806
3617
166
2690
850
830
1296
4172
2970
791
2778
4096
1787
4553
1790
4274
1643
1042
3334
129
4077
1166
1578
4589
857
610
2922
2697
3071
4782
2564
987
2352
2616
746
425
2378
1907
1939
4846
4574
1703
652
609
647
1066
1627
2246
24
1315
624
3350
4298
1279
1641
4354
2738
3997
3648
2693
3396
4036
2938
511
4134
692
1335
61
2490
1209
4690
1614
1417
44
2908
41
1937
1933
3753
2698
4555
3259
4526
315
467
3331
868
855
4717
3751
2478
3914
752
1157
1980
1356
538
3800
3802
2428
1216
4613
1984
4673
3120
3572
3078
4612
2861
2438
1123
3961
902
2069
498
3220
2620
3607
4674
4769
213
3212
1809
1092
4562
3495
4932
3806
3625
4826
621
1121
2616
1737
3794
2667
159
361
14
1846
2336
2697
4150
2272
2734
3222
1338
1086
3591
269
4517
3651
16
2090
2883
495
4635
1821
1863
2522
4663
4356
3734
2560
749
707
2523
1839
266
2552
512
2747
4214
2603
3006
4074
3119
882
4873
1899
3602
1884
3730
3458
4888
1099
4074
3798
4489
1764
288
636
3488
4347
2288
4732
2451
1295
689
3489
749
1676
936
1543
2145
3848
3510
68
1421
517
1867
4768
2689
1173
429
3617
4475
4380
4481
1199
3024
4455
4180
4335
2512
4330
2575
3619
4815
3807
1877
1710
3684
3747
483
2902
768
186
2763
2954
1700
1323
1084
1482
4567
3422
3521
717
523
1769
2788
3853
1675
1178
2279
4096
2203
3623
3743
1416
2716
4881
3550
4426
2026
1335
739
180
1100
4911
3360
1383
4312
2855
4688
907
1456
1593
395
2226
4645
3845
623
4204
3046
3457
4013
994
4325
2020
2333
4199
102
4424
950
4712
893
4469
1350
3157
1043
4674
4651
3551
365
4710
2564
4153
2225
557
3926
3699
3917
2374
639
641
1902
793
2553
4794
298
1494
